.\TS_CASM_Inp\Solatenol_exp_ESLS1986_15VFS.dat
Init exposure day: 001
Last exposure day: 365
 Day   Solatenol Cd     As(III)
   1   3.040    0.06    0.05
   2   3.040    0.09    0.08
   3   3.040    0.06    0.09
   4   3.040    0.04    0.04
   5   3.040    0.05    0.04
   6   3.040    0.02    0.03
   7   3.030    0.03    0.05
   8   3.030    0.01    0.07
   9   3.030    0.03    0.06
  10   3.030    0.03    0.04
  11   3.030    0.03    0.08
  12   3.030    0.05    0.04
  13   3.030    0.06    0.04
  14   3.030    0.05    0.06
  15   3.030    0.07    0.05
  16   3.030    0.05    0.02
  17   3.030    0.05    0.09
  18   3.030    0.03    0.04
  19   3.030    0.01    0.04
  20   3.030    0.04    0.03
  21   3.030    0.06    0.02
  22   3.030    0.11    0.05
  23   3.030    0.08    0.05
  24   3.030    0.05    0.05
  25   3.030    0.04    0.04
  26   3.030    0.06    0.04
  27   3.030    0.03    0.05
  28   3.030    0.03    0.06
  29   3.030    0.06    0.04
  30   3.030    0.01    0.05
  31   3.030    0.06    0.04
  32   3.030    0.07    0.04
  33   3.030    0.08    0.03
  34   3.030    0.03    0.05
  35   3.030    0.03    0.03
  36   3.030    0.02    0.05
  37   3.030    0.03    0.06
  38   3.030    0.03    0.05
  39   3.020    0.10    0.04
  40   3.020    0.05    0.07
  41   3.020    0.05    0.05
  42   3.020    0.12    0.05
  43   3.020    0.02    0.08
  44   3.020    0.05    0.03
  45   3.020    0.03    0.05
  46   3.020    0.10    0.05
  47   3.020    0.09    0.05
  48   3.020    0.06    0.06
  49   3.020    0.02    0.05
  50   3.020    0.05    0.07
  51   3.020    0.04    0.05
  52   3.020    0.03    0.08
  53   3.020    0.09    0.03
  54   3.020    0.04    0.05
  55   3.020    0.04    0.04
  56   3.020    0.05    0.05
  57   3.020    0.02    0.04
  58   3.020    0.07    0.05
  59   3.020    0.06    0.06
  60   3.020    0.06    0.04
  61   3.020    0.02    0.04
  62   3.020    0.02    0.06
  63   3.020    0.05    0.07
  64   3.020    0.02    0.02
  65   3.020    0.04    0.03
  66   3.020    0.05    0.04
  67   3.020    0.03    0.05
  68   3.020    0.04    0.04
  69   3.020    0.03    0.04
  70   3.020    0.06    0.06
  71   3.010    0.04    0.05
  72   3.010    0.02    0.07
  73   3.010    0.05    0.04
  74   3.010    0.07    0.04
  75   3.010    0.03    0.04
  76   3.010    0.05    0.05
  77   3.010    0.04    0.04
  78   3.010    0.04    0.03
  79   3.010    0.05    0.06
  80   3.010    0.08    0.06
  81   3.010    0.03    0.05
  82   3.010    0.06    0.07
  83   3.010    0.04    0.04
  84   3.010    0.03    0.05
  85   3.010    0.06    0.05
  86   3.010    0.06    0.05
  87   3.010    0.03    0.08
  88   3.000    0.04    0.04
  89   3.000    0.04    0.09
  90   3.000    0.15    0.07
  91   3.000    0.03    0.03
  92   3.000    0.05    0.04
  93   3.000    0.05    0.03
  94   3.000    0.03    0.03
  95   3.000    0.03    0.03
  96   3.000    0.04    0.04
  97   3.000    0.05    0.04
  98   3.000    0.06    0.04
  99   3.000    0.05    0.04
 100   3.000    0.03    0.04
 101   2.990    0.03    0.08
 102   2.990    0.02    0.06
 103   2.990    0.03    0.06
 104   2.990    0.05    0.03
 105   2.990    0.03    0.04
 106   2.990    0.03    0.06
 107   2.990    0.07    0.06
 108   2.990    0.09    0.06
 109   2.990    0.03    0.04
 110   2.990    0.05    0.05
 111   2.980    0.03    0.06
 112   2.980    0.07    0.03
 113   2.980    0.03    0.07
 114   2.980    0.04    0.04
 115   2.980    0.03    0.04
 116   2.980    0.07    0.05
 117   2.980    0.05    0.05
 118   2.980    0.02    0.11
 119   2.990    0.04    0.05
 120   3.060    0.05    0.06
 121   3.040    0.07    0.03
 122   3.020    0.02    0.05
 123   3.010    0.02    0.04
 124   3.000    0.03    0.07
 125   2.990    0.03    0.05
 126   2.980    0.08    0.05
 127   2.980    0.03    0.05
 128   2.980    0.07    0.04
 129   2.970    0.03    0.04
 130   2.970    0.11    0.04
 131   2.970    0.05    0.05
 132   2.970    0.04    0.08
 133   2.970    0.04    0.07
 134   2.960    0.08    0.06
 135   2.960    0.08    0.05
 136   2.980    0.04    0.06
 137   3.580    0.04    0.06
 138   3.400    0.02    0.06
 139   3.270    0.04    0.05
 140   3.190    0.03    0.02
 141   3.120    0.03    0.04
 142   3.080    0.06    0.04
 143   3.050    0.02    0.07
 144   3.030    0.03    0.03
 145   3.010    0.03    0.05
 146   3.000    0.03    0.06
 147   2.990    0.05    0.07
 148   2.990    0.03    0.04
 149   2.980    0.06    0.03
 150   2.980    0.04    0.03
 151   2.980    0.05    0.04
 152   2.970    0.05    0.05
 153   2.970    0.04    0.06
 154   2.970    0.04    0.05
 155   2.970    0.10    0.04
 156   2.970    0.03    0.05
 157   2.960    0.04    0.05
 158   2.960    0.02    0.04
 159   2.960    0.04    0.08
 160   2.960    0.05    0.04
 161   2.960    0.04    0.04
 162   2.960    0.04    0.03
 163   2.950    0.03    0.04
 164   2.950    0.02    0.05
 165   2.950    0.06    0.06
 166   2.950    0.04    0.03
 167   2.950    0.11    0.04
 168   2.950    0.05    0.06
 169   2.940    0.04    0.07
 170   2.940    0.03    0.03
 171   2.940    0.04    0.06
 172   2.940    0.05    0.04
 173   2.940    0.04    0.05
 174   2.940    0.04    0.04
 175   2.930    0.03    0.06
 176   2.930    0.08    0.07
 177   2.930    0.04    0.05
 178   2.930    0.02    0.06
 179   2.930    0.03    0.05
 180   2.920    0.04    0.07
 181   5.640    0.05    0.07
 182   4.850    0.04    0.04
 183   4.310    0.06    0.04
 184   3.920    0.04    0.06
 185   3.650    0.03    0.05
 186   3.470    0.02    0.03
 187   3.340    0.05    0.04
 188   3.240    0.04    0.04
 189   14.20    0.11    0.06
 190   10.90    0.06    0.05
 191   8.710    0.12    0.05
 192   7.140    0.02    0.06
 193   6.050    0.04    0.03
 194   5.290    0.04    0.03
 195   4.760    0.07    0.05
 196   4.390    0.06    0.06
 197   4.130    0.04    0.06
 198   3.950    0.03    0.05
 199   3.820    0.06    0.03
 200   3.730    0.02    0.08
 201   3.670    0.04    0.04
 202   3.630    0.02    0.03
 203   3.590    0.09    0.05
 204   3.570    0.05    0.05
 205   3.550    0.03    0.04
 206   3.540    0.03    0.04
 207   3.530    0.05    0.04
 208   3.520    0.02    0.05
 209   3.520    0.05    0.06
 210   3.510    0.04    0.04
 211   3.510    0.06    0.06
 212   3.500    0.02    0.03
 213   3.500    0.03    0.02
 214   3.490    0.06    0.06
 215   3.490    0.01    0.03
 216   3.490    0.06    0.05
 217   3.490    0.03    0.05
 218   3.480    0.04    0.04
 219   3.550    0.07    0.04
 220   3.530    0.02    0.05
 221   3.510    0.03    0.03
 222   3.500    0.05    0.05
 223   3.490    0.02    0.05
 224   3.480    0.05    0.05
 225   3.470    0.03    0.05
 226   3.470    0.02    0.03
 227   3.460    0.10    0.03
 228   3.460    0.02    0.03
 229   3.460    0.05    0.05
 230   3.460    0.08    0.04
 231   3.450    0.08    0.04
 232   3.450    0.03    0.04
 233   3.450    0.05    0.03
 234   3.440    0.06    0.03
 235   3.440    0.06    0.07
 236   3.440    0.05    0.03
 237   3.440    0.03    0.04
 238   3.440    0.05    0.04
 239   3.430    0.12    0.06
 240   3.430    0.09    0.05
 241   3.430    0.05    0.05
 242   3.430    0.04    0.05
 243   3.420    0.04    0.05
 244   3.420    0.03    0.04
 245   3.420    0.06    0.05
 246   3.420    0.03    0.04
 247   3.420    0.04    0.04
 248   3.410    0.03    0.05
 249   3.410    0.03    0.06
 250   3.410    0.05    0.07
 251   3.410    0.07    0.03
 252   3.410    0.03    0.05
 253   3.410    0.03    0.04
 254   3.400    0.03    0.05
 255   3.400    0.09    0.04
 256   3.400    0.03    0.07
 257   3.400    0.04    0.03
 258   3.400    0.04    0.05
 259   3.390    0.04    0.04
 260   3.390    0.03    0.04
 261   3.390    0.07    0.07
 262   3.390    0.05    0.04
 263   3.390    0.03    0.04
 264   3.390    0.04    0.05
 265   3.380    0.05    0.05
 266   3.380    0.02    0.03
 267   3.920    0.10    0.05
 268   3.760    0.05    0.02
 269   3.650    0.04    0.06
 270   3.570    0.04    0.04
 271   3.520    0.07    0.04
 272   3.530    0.03    0.05
 273   3.490    0.03    0.04
 274   3.460    0.01    0.03
 275   3.440    0.02    0.09
 276   3.420    0.07    0.05
 277   3.410    0.06    0.06
 278   3.400    0.02    0.05
 279   3.400    0.03    0.05
 280   3.390    0.03    0.06
 281   3.390    0.07    0.06
 282   3.380    0.02    0.05
 283   3.380    0.04    0.04
 284   3.380    0.04    0.06
 285   3.380    0.04    0.05
 286   3.370    0.04    0.03
 287   3.370    0.05    0.04
 288   3.370    0.03    0.06
 289   3.370    0.05    0.04
 290   3.370    0.03    0.04
 291   3.370    0.03    0.07
 292   3.360    0.02    0.05
 293   3.360    0.04    0.04
 294   3.360    0.03    0.03
 295   3.360    0.06    0.05
 296   3.360    0.05    0.07
 297   3.360    0.06    0.03
 298   3.510    0.03    0.04
 299   3.460    0.05    0.04
 300   3.430    0.05    0.06
 301   3.410    0.03    0.06
 302   3.390    0.06    0.05
 303   3.380    0.04    0.05
 304   3.370    0.02    0.06
 305   3.370    0.04    0.06
 306   3.360    0.03    0.05
 307   3.360    0.03    0.05
 308   3.360    0.05    0.05
 309   3.350    0.08    0.07
 310   3.350    0.04    0.06
 311   3.350    0.04    0.06
 312   3.350    0.05    0.04
 313   3.350    0.10    0.04
 314   3.350    0.09    0.07
 315   3.350    0.04    0.03
 316   3.350    0.09    0.04
 317   3.340    0.06    0.05
 318   3.340    0.03    0.03
 319   3.340    0.02    0.04
 320   3.340    0.04    0.03
 321   3.340    0.05    0.05
 322   3.340    0.02    0.02
 323   3.340    0.09    0.03
 324   3.340    0.03    0.03
 325   3.340    0.04    0.04
 326   3.340    0.03    0.06
 327   3.340    0.04    0.03
 328   3.340    0.03    0.04
 329   3.340    0.05    0.06
 330   3.330    0.04    0.05
 331   3.330    0.03    0.04
 332   3.330    0.03    0.04
 333   3.330    0.01    0.05
 334   3.330    0.04    0.06
 335   3.440    0.05    0.05
 336   3.410    0.05    0.05
 337   3.380    0.06    0.03
 338   3.370    0.03    0.08
 339   3.360    0.05    0.03
 340   3.350    0.02    0.05
 341   3.340    0.06    0.04
 342   3.340    0.02    0.03
 343   3.340    0.03    0.04
 344   3.340    0.05    0.04
 345   3.340    0.03    0.05
 346   3.330    0.04    0.04
 347   3.330    0.04    0.06
 348   3.330    0.03    0.05
 349   3.330    0.02    0.03
 350   3.330    0.04    0.03
 351   3.330    0.05    0.05
 352   3.330    0.05    0.04
 353   3.330    0.03    0.05
 354   3.330    0.04    0.04
 355   3.330    0.03    0.04
 356   3.330    0.03    0.06
 357   3.330    0.04    0.06
 358   3.330    0.03    0.05
 359   3.330    0.01    0.03
 360   3.330    0.02    0.06
 361   3.330    0.06    0.09
 362   3.330    0.05    0.07
 363   3.330    0.03    0.08
 364   3.320    0.03    0.03
 365   3.320    0.03    0.06
