.\TS_CASM_Inp\T3DIGPondWater_2019.dat
Init exposure day: 001
Last exposure day: 365
 Day   Solatenol Cd     As(III)
   1   0.196    0.06    0.05
   2   0.195    0.09    0.08
   3   0.195    0.06    0.09
   4   0.195    0.04    0.04
   5   0.195    0.05    0.04
   6   0.195    0.02    0.03
   7   0.195    0.03    0.05
   8   0.195    0.01    0.07
   9   0.195    0.03    0.06
  10   0.194    0.03    0.04
  11   0.194    0.03    0.08
  12   0.194    0.05    0.04
  13   0.194    0.06    0.04
  14   0.194    0.05    0.06
  15   0.194    0.07    0.05
  16   0.194    0.05    0.02
  17   0.194    0.05    0.09
  18   0.194    0.03    0.04
  19   0.193    0.01    0.04
  20   0.193    0.04    0.03
  21   0.193    0.06    0.02
  22   0.193    0.11    0.05
  23   0.193    0.08    0.05
  24   0.193    0.05    0.05
  25   0.193    0.04    0.04
  26   0.193    0.06    0.04
  27   0.193    0.03    0.05
  28   0.192    0.03    0.06
  29   0.192    0.06    0.04
  30   0.192    0.01    0.05
  31   0.192    0.06    0.04
  32   0.192    0.07    0.04
  33   0.192    0.08    0.03
  34   0.192    0.03    0.05
  35   0.192    0.03    0.03
  36   0.191    0.02    0.05
  37   0.191    0.03    0.06
  38   0.191    0.03    0.05
  39   0.191    0.10    0.04
  40   0.191    0.05    0.07
  41   0.191    0.05    0.05
  42   0.191    0.12    0.05
  43   0.191    0.02    0.08
  44   0.191    0.05    0.03
  45   0.190    0.03    0.05
  46   0.190    0.10    0.05
  47   0.190    0.09    0.05
  48   0.190    0.06    0.06
  49   0.190    0.02    0.05
  50   0.190    0.05    0.07
  51   0.190    0.04    0.05
  52   0.190    0.03    0.08
  53   0.190    0.09    0.03
  54   0.189    0.04    0.05
  55   0.189    0.04    0.04
  56   0.189    0.05    0.05
  57   0.189    0.02    0.04
  58   0.189    0.07    0.05
  59   0.189    0.06    0.06
  60   0.189    0.06    0.04
  61   0.189    0.02    0.04
  62   0.189    0.02    0.06
  63   0.188    0.05    0.07
  64   0.188    0.02    0.02
  65   0.188    0.04    0.03
  66   0.188    0.05    0.04
  67   0.188    0.03    0.05
  68   0.188    0.04    0.04
  69   0.188    0.03    0.04
  70   0.188    0.06    0.06
  71   0.188    0.04    0.05
  72   0.187    0.02    0.07
  73   0.187    0.05    0.04
  74   0.187    0.07    0.04
  75   0.187    0.03    0.04
  76   0.187    0.05    0.05
  77   0.187    0.04    0.04
  78   0.187    0.04    0.03
  79   0.187    0.05    0.06
  80   0.187    0.08    0.06
  81   0.186    0.03    0.05
  82   0.186    0.06    0.07
  83   0.186    0.04    0.04
  84   0.186    0.03    0.05
  85   0.186    0.06    0.05
  86   0.184    0.06    0.05
  87   0.182    0.03    0.08
  88   0.180    0.04    0.04
  89   0.178    0.04    0.09
  90   0.176    0.15    0.07
  91   0.174    0.03    0.03
  92   0.172    0.05    0.04
  93   0.170    0.05    0.03
  94   0.168    0.03    0.03
  95   0.166    0.03    0.03
  96   0.164    0.04    0.04
  97   0.162    0.05    0.04
  98   0.160    0.06    0.04
  99   0.158    0.05    0.04
 100   0.157    0.03    0.04
 101   0.155    0.03    0.08
 102   0.153    0.02    0.06
 103   0.151    0.03    0.06
 104   0.150    0.05    0.03
 105   0.148    0.03    0.04
 106   0.146    0.03    0.06
 107   0.145    0.07    0.06
 108   0.143    0.09    0.06
 109   0.141    0.03    0.04
 110   0.140    0.05    0.05
 111   0.138    0.03    0.06
 112   0.137    0.07    0.03
 113   0.135    0.03    0.07
 114   0.134    0.04    0.04
 115   0.132    0.03    0.04
 116   0.136    0.07    0.05
 117   0.141    0.05    0.05
 118   0.145    0.02    0.11
 119   0.150    0.04    0.05
 120   0.155    0.05    0.06
 121   0.160    0.07    0.03
 122   0.165    0.02    0.05
 123   0.170    0.02    0.04
 124   0.175    0.03    0.07
 125   0.181    0.03    0.05
 126   0.187    0.08    0.05
 127   0.193    0.03    0.05
 128   0.199    0.07    0.04
 129   0.206    0.03    0.04
 130   0.212    0.11    0.04
 131   0.219    0.05    0.05
 132   0.226    0.04    0.08
 133   0.233    0.04    0.07
 134   0.241    0.08    0.06
 135   0.249    0.08    0.05
 136   0.257    0.04    0.06
 137   0.265    0.04    0.06
 138   0.273    0.02    0.06
 139   0.282    0.04    0.05
 140   0.291    0.03    0.02
 141   0.301    0.03    0.04
 142   0.310    0.06    0.04
 143   0.320    0.02    0.07
 144   0.316    0.03    0.03
 145   0.313    0.03    0.05
 146   0.309    0.03    0.06
 147   0.306    0.05    0.07
 148   0.302    0.03    0.04
 149   0.299    0.06    0.03
 150   0.295    0.04    0.03
 151   0.292    0.05    0.04
 152   0.289    0.05    0.05
 153   0.285    0.04    0.06
 154   0.282    0.04    0.05
 155   0.279    0.10    0.04
 156   0.276    0.03    0.05
 157   0.272    0.04    0.05
 158   0.269    0.02    0.04
 159   0.266    0.04    0.08
 160   0.263    0.05    0.04
 161   0.260    0.04    0.04
 162   0.257    0.04    0.03
 163   0.254    0.03    0.04
 164   0.251    0.02    0.05
 165   0.248    0.06    0.06
 166   0.246    0.04    0.03
 167   0.243    0.11    0.04
 168   0.240    0.05    0.06
 169   0.237    0.04    0.07
 170   0.235    0.03    0.03
 171   0.232    0.04    0.06
 172   0.231    0.05    0.04
 173   0.229    0.04    0.05
 174   0.228    0.04    0.04
 175   0.227    0.03    0.06
 176   0.226    0.08    0.07
 177   0.224    0.04    0.05
 178   0.223    0.02    0.06
 179   0.222    0.03    0.05
 180   0.221    0.04    0.07
 181   0.220    0.05    0.07
 182   0.218    0.04    0.04
 183   0.217    0.06    0.04
 184   0.216    0.04    0.06
 185   0.215    0.03    0.05
 186   0.214    0.02    0.03
 187   0.212    0.05    0.04
 188   0.211    0.04    0.04
 189   0.210    0.11    0.06
 190   0.209    0.06    0.05
 191   0.208    0.12    0.05
 192   0.207    0.02    0.06
 193   0.206    0.04    0.03
 194   0.205    0.04    0.03
 195   0.203    0.07    0.05
 196   0.202    0.06    0.06
 197   0.199    0.04    0.06
 198   0.195    0.03    0.05
 199   0.191    0.06    0.03
 200   0.188    0.02    0.08
 201   0.184    0.04    0.04
 202   0.181    0.02    0.03
 203   0.178    0.09    0.05
 204   0.174    0.05    0.05
 205   0.171    0.03    0.04
 206   0.168    0.03    0.04
 207   0.165    0.05    0.04
 208   0.162    0.02    0.05
 209   0.159    0.05    0.06
 210   0.156    0.04    0.04
 211   0.153    0.06    0.06
 212   0.150    0.02    0.03
 213   0.148    0.03    0.02
 214   0.145    0.06    0.06
 215   0.142    0.01    0.03
 216   0.140    0.06    0.05
 217   0.137    0.03    0.05
 218   0.134    0.04    0.04
 219   0.132    0.07    0.04
 220   0.150    0.02    0.05
 221   0.171    0.03    0.03
 222   0.194    0.05    0.05
 223   0.221    0.02    0.05
 224   0.251    0.05    0.05
 225   0.286    0.03    0.05
 226   0.325    0.02    0.03
 227   0.370    0.10    0.03
 228   0.420    0.02    0.03
 229   0.478    0.05    0.05
 230   0.544    0.08    0.04
 231   0.619    0.08    0.04
 232   0.704    0.03    0.04
 233   0.800    0.05    0.03
 234   0.910    0.06    0.03
 235   1.035    0.06    0.07
 236   1.178    0.05    0.03
 237   1.340    0.03    0.04
 238   1.524    0.05    0.04
 239   1.733    0.12    0.06
 240   1.674    0.09    0.05
 241   1.617    0.05    0.05
 242   1.563    0.04    0.05
 243   1.510    0.04    0.05
 244   1.458    0.03    0.04
 245   1.409    0.06    0.05
 246   1.361    0.03    0.04
 247   1.315    0.04    0.04
 248   1.271    0.03    0.05
 249   1.228    0.03    0.06
 250   1.186    0.05    0.07
 251   1.146    0.07    0.03
 252   1.107    0.03    0.05
 253   1.069    0.03    0.04
 254   1.033    0.03    0.05
 255   0.998    0.09    0.04
 256   0.964    0.03    0.07
 257   0.932    0.04    0.03
 258   0.900    0.04    0.05
 259   0.870    0.04    0.04
 260   0.840    0.03    0.04
 261   0.812    0.07    0.07
 262   0.784    0.05    0.04
 263   0.758    0.03    0.04
 264   0.732    0.04    0.05
 265   0.707    0.05    0.05
 266   0.683    0.02    0.03
 267   0.660    0.10    0.05
 268   0.664    0.05    0.02
 269   0.667    0.04    0.06
 270   0.671    0.04    0.04
 271   0.674    0.07    0.04
 272   0.678    0.03    0.05
 273   0.682    0.03    0.04
 274   0.685    0.01    0.03
 275   0.689    0.02    0.09
 276   0.693    0.07    0.05
 277   0.696    0.06    0.06
 278   0.700    0.02    0.05
 279   0.704    0.03    0.05
 280   0.708    0.03    0.06
 281   0.712    0.07    0.06
 282   0.715    0.02    0.05
 283   0.719    0.04    0.04
 284   0.723    0.04    0.06
 285   0.727    0.04    0.05
 286   0.731    0.04    0.03
 287   0.735    0.05    0.04
 288   0.739    0.03    0.06
 289   0.743    0.05    0.04
 290   0.747    0.03    0.04
 291   0.751    0.03    0.07
 292   0.755    0.02    0.05
 293   0.759    0.04    0.04
 294   0.763    0.03    0.03
 295   0.767    0.06    0.05
 296   0.757    0.05    0.07
 297   0.746    0.06    0.03
 298   0.736    0.03    0.04
 299   0.726    0.05    0.04
 300   0.716    0.05    0.06
 301   0.707    0.03    0.06
 302   0.697    0.06    0.05
 303   0.688    0.04    0.05
 304   0.678    0.02    0.06
 305   0.669    0.04    0.06
 306   0.660    0.03    0.05
 307   0.651    0.03    0.05
 308   0.642    0.05    0.05
 309   0.633    0.08    0.07
 310   0.625    0.04    0.06
 311   0.616    0.04    0.06
 312   0.608    0.05    0.04
 313   0.600    0.10    0.04
 314   0.591    0.09    0.07
 315   0.583    0.04    0.03
 316   0.575    0.09    0.04
 317   0.568    0.06    0.05
 318   0.560    0.03    0.03
 319   0.552    0.02    0.04
 320   0.545    0.04    0.03
 321   0.537    0.05    0.05
 322   0.530    0.02    0.02
 323   0.523    0.09    0.03
 324   0.000    0.03    0.03
 325   0.000    0.04    0.04
 326   0.000    0.03    0.06
 327   0.000    0.04    0.03
 328   0.000    0.03    0.04
 329   0.000    0.05    0.06
 330   0.000    0.04    0.05
 331   0.000    0.03    0.04
 332   0.000    0.03    0.04
 333   0.000    0.01    0.05
 334   0.000    0.04    0.06
 335   0.000    0.05    0.05
 336   0.000    0.05    0.05
 337   0.000    0.06    0.03
 338   0.000    0.03    0.08
 339   0.000    0.05    0.03
 340   0.000    0.02    0.05
 341   0.000    0.06    0.04
 342   0.000    0.02    0.03
 343   0.000    0.03    0.04
 344   0.000    0.05    0.04
 345   0.000    0.03    0.05
 346   0.000    0.04    0.04
 347   0.000    0.04    0.06
 348   0.000    0.03    0.05
 349   0.000    0.02    0.03
 350   0.000    0.04    0.03
 351   0.000    0.05    0.05
 352   0.000    0.05    0.04
 353   0.000    0.03    0.05
 354   0.000    0.04    0.04
 355   0.000    0.03    0.04
 356   0.000    0.03    0.06
 357   0.000    0.04    0.06
 358   0.000    0.03    0.05
 359   0.000    0.01    0.03
 360   0.000    0.02    0.06
 361   0.000    0.06    0.09
 362   0.000    0.05    0.07
 363   0.000    0.03    0.08
 364   0.000    0.03    0.03
 365   0.000    0.03    0.06
