.\Solatenol_exp_ESLS1986_0VFS.dat
Init exposure day: 001
Last exposure day: 365
 Day   Solatenol Cd     As(III)
   1   9.640    0.06    0.05
   2   9.640    0.09    0.08
   3   9.640    0.06    0.09
   4   9.640    0.04    0.04
   5   9.640    0.05    0.04
   6   9.640    0.02    0.03
   7   9.640    0.03    0.05
   8   9.640    0.01    0.07
   9   9.640    0.03    0.06
  10   9.630    0.03    0.04
  11   9.630    0.03    0.08
  12   9.630    0.05    0.04
  13   9.630    0.06    0.04
  14   9.630    0.05    0.06
  15   9.630    0.07    0.05
  16   9.780    0.05    0.02
  17   10.40    0.05    0.09
  18   10.40    0.03    0.04
  19   10.20    0.01    0.04
  20   10.00    0.04    0.03
  21   9.920    0.06    0.02
  22   9.840    0.11    0.05
  23   9.790    0.08    0.05
  24   9.750    0.05    0.05
  25   9.730    0.04    0.04
  26   9.710    0.06    0.04
  27   9.700    0.03    0.05
  28   9.690    0.03    0.06
  29   9.680    0.06    0.04
  30   9.670    0.01    0.05
  31   9.670    0.06    0.04
  32   9.670    0.07    0.04
  33   9.660    0.08    0.03
  34   9.710    0.03    0.05
  35   10.10    0.03    0.03
  36   10.00    0.02    0.05
  37   9.910    0.03    0.06
  38   9.840    0.03    0.05
  39   9.790    0.10    0.04
  40   9.750    0.05    0.07
  41   9.730    0.05    0.05
  42   9.710    0.12    0.05
  43   9.700    0.02    0.08
  44   9.690    0.05    0.03
  45   9.680    0.03    0.05
  46   9.680    0.10    0.05
  47   9.680    0.09    0.05
  48   9.670    0.06    0.06
  49   9.670    0.02    0.05
  50   9.680    0.05    0.07
  51   9.670    0.04    0.05
  52   9.670    0.03    0.08
  53   9.670    0.09    0.03
  54   9.670    0.04    0.05
  55   9.660    0.04    0.04
  56   9.660    0.05    0.05
  57   9.660    0.02    0.04
  58   9.660    0.07    0.05
  59   9.660    0.06    0.06
  60   9.660    0.06    0.04
  61   9.660    0.02    0.04
  62   9.660    0.02    0.06
  63   9.660    0.05    0.07
  64   9.650    0.02    0.02
  65   9.650    0.04    0.03
  66   9.650    0.05    0.04
  67   9.650    0.03    0.05
  68   9.650    0.04    0.04
  69   9.650    0.03    0.04
  70   9.650    0.06    0.06
  71   9.650    0.04    0.05
  72   9.650    0.02    0.07
  73   9.640    0.05    0.04
  74   9.640    0.07    0.04
  75   9.640    0.03    0.04
  76   9.640    0.05    0.05
  77   9.720    0.04    0.04
  78   9.690    0.04    0.03
  79   9.670    0.05    0.06
  80   9.660    0.08    0.06
  81   9.650    0.03    0.05
  82   9.640    0.06    0.07
  83   9.640    0.04    0.04
  84   9.630    0.03    0.05
  85   9.630    0.06    0.05
  86   9.620    0.06    0.05
  87   9.620    0.03    0.08
  88   9.620    0.04    0.04
  89   9.620    0.04    0.09
  90   9.610    0.15    0.07
  91   9.610    0.03    0.03
  92   9.610    0.05    0.04
  93   9.610    0.05    0.03
  94   9.600    0.03    0.03
  95   9.600    0.03    0.03
  96   9.600    0.04    0.04
  97   9.600    0.05    0.04
  98   9.590    0.06    0.04
  99   9.590    0.05    0.04
 100   9.590    0.03    0.04
 101   9.580    0.03    0.08
 102   9.580    0.02    0.06
 103   9.580    0.03    0.06
 104   9.580    0.05    0.03
 105   9.570    0.03    0.04
 106   9.570    0.03    0.06
 107   9.570    0.07    0.06
 108   9.560    0.09    0.06
 109   9.560    0.03    0.04
 110   9.560    0.05    0.05
 111   9.550    0.03    0.06
 112   9.550    0.07    0.03
 113   9.550    0.03    0.07
 114   9.540    0.04    0.04
 115   9.540    0.03    0.04
 116   9.540    0.07    0.05
 117   9.530    0.05    0.05
 118   9.530    0.02    0.11
 119   9.660    0.04    0.05
 120   10.10    0.05    0.06
 121   9.900    0.07    0.03
 122   9.790    0.02    0.05
 123   9.710    0.02    0.04
 124   9.660    0.03    0.07
 125   9.620    0.03    0.05
 126   9.590    0.08    0.05
 127   9.570    0.03    0.05
 128   9.550    0.07    0.04
 129   9.540    0.03    0.04
 130   9.530    0.11    0.04
 131   9.520    0.05    0.05
 132   9.510    0.04    0.08
 133   9.510    0.04    0.07
 134   9.500    0.08    0.06
 135   9.500    0.08    0.05
 136   9.610    0.04    0.06
 137   11.00    0.04    0.06
 138   10.60    0.02    0.06
 139   10.20    0.04    0.05
 140   10.00    0.03    0.02
 141   9.880    0.03    0.04
 142   9.770    0.06    0.04
 143   9.700    0.02    0.07
 144   9.640    0.03    0.03
 145   9.630    0.03    0.05
 146   9.590    0.03    0.06
 147   9.570    0.05    0.07
 148   9.550    0.03    0.04
 149   9.530    0.06    0.03
 150   9.520    0.04    0.03
 151   9.510    0.05    0.04
 152   9.500    0.05    0.05
 153   9.490    0.04    0.06
 154   9.490    0.04    0.05
 155   9.480    0.10    0.04
 156   9.480    0.03    0.05
 157   9.470    0.04    0.05
 158   9.470    0.02    0.04
 159   9.460    0.04    0.08
 160   9.460    0.05    0.04
 161   9.460    0.04    0.04
 162   9.450    0.04    0.03
 163   9.450    0.03    0.04
 164   9.440    0.02    0.05
 165   9.430    0.06    0.06
 166   9.430    0.04    0.03
 167   9.420    0.11    0.04
 168   9.420    0.05    0.06
 169   9.410    0.04    0.07
 170   9.410    0.03    0.03
 171   9.400    0.04    0.06
 172   9.390    0.05    0.04
 173   9.390    0.04    0.05
 174   9.380    0.04    0.04
 175   9.380    0.03    0.06
 176   9.370    0.08    0.07
 177   9.360    0.04    0.05
 178   9.360    0.02    0.06
 179   9.350    0.03    0.05
 180   9.340    0.04    0.07
 181   16.40    0.05    0.07
 182   14.40    0.04    0.04
 183   13.00    0.06    0.04
 184   12.00    0.04    0.06
 185   11.30    0.03    0.05
 186   10.90    0.02    0.03
 187   10.50    0.05    0.04
 188   10.70    0.04    0.04
 189   30.80    0.11    0.06
 190   24.80    0.06    0.05
 191   20.90    0.12    0.05
 192   17.80    0.02    0.06
 193   15.70    0.04    0.03
 194   14.20    0.04    0.03
 195   13.20    0.07    0.05
 196   12.50    0.06    0.06
 197   12.00    0.04    0.06
 198   11.60    0.03    0.05
 199   11.40    0.06    0.03
 200   11.20    0.02    0.08
 201   11.10    0.04    0.04
 202   11.00    0.02    0.03
 203   10.90    0.09    0.05
 204   10.90    0.05    0.05
 205   10.80    0.03    0.04
 206   10.80    0.03    0.04
 207   10.80    0.05    0.04
 208   10.80    0.02    0.05
 209   10.70    0.05    0.06
 210   10.70    0.04    0.04
 211   10.70    0.06    0.06
 212   10.70    0.02    0.03
 213   10.70    0.03    0.02
 214   10.70    0.06    0.06
 215   10.70    0.01    0.03
 216   10.70    0.06    0.05
 217   10.90    0.03    0.05
 218   10.80    0.04    0.04
 219   11.20    0.07    0.04
 220   11.00    0.02    0.05
 221   10.90    0.03    0.03
 222   10.80    0.05    0.05
 223   10.80    0.02    0.05
 224   10.70    0.05    0.05
 225   10.70    0.03    0.05
 226   10.70    0.02    0.03
 227   10.60    0.10    0.03
 228   10.60    0.02    0.03
 229   10.60    0.05    0.05
 230   10.60    0.08    0.04
 231   10.60    0.08    0.04
 232   10.60    0.03    0.04
 233   10.60    0.05    0.03
 234   10.60    0.06    0.03
 235   10.50    0.06    0.07
 236   10.50    0.05    0.03
 237   10.50    0.03    0.04
 238   10.50    0.05    0.04
 239   10.50    0.12    0.06
 240   10.50    0.09    0.05
 241   10.50    0.05    0.05
 242   10.50    0.04    0.05
 243   10.50    0.04    0.05
 244   10.50    0.03    0.04
 245   10.50    0.06    0.05
 246   10.50    0.03    0.04
 247   10.50    0.04    0.04
 248   10.50    0.03    0.05
 249   10.50    0.03    0.06
 250   10.40    0.05    0.07
 251   10.40    0.07    0.03
 252   10.40    0.03    0.05
 253   10.40    0.03    0.04
 254   10.40    0.03    0.05
 255   10.40    0.09    0.04
 256   10.40    0.03    0.07
 257   10.40    0.04    0.03
 258   10.40    0.04    0.05
 259   10.40    0.04    0.04
 260   10.40    0.03    0.04
 261   10.40    0.07    0.07
 262   10.70    0.05    0.04
 263   10.60    0.03    0.04
 264   10.50    0.04    0.05
 265   10.70    0.05    0.05
 266   10.60    0.02    0.03
 267   12.50    0.10    0.05
 268   11.90    0.05    0.02
 269   11.50    0.04    0.06
 270   11.20    0.04    0.04
 271   10.90    0.07    0.04
 272   11.50    0.03    0.05
 273   11.20    0.03    0.04
 274   11.10    0.01    0.03
 275   10.90    0.02    0.09
 276   10.90    0.07    0.05
 277   10.80    0.06    0.06
 278   10.70    0.02    0.05
 279   10.60    0.03    0.05
 280   10.60    0.03    0.06
 281   10.50    0.07    0.06
 282   10.50    0.02    0.05
 283   10.50    0.04    0.04
 284   10.50    0.04    0.06
 285   10.50    0.04    0.05
 286   10.50    0.04    0.03
 287   10.50    0.05    0.04
 288   10.40    0.03    0.06
 289   10.40    0.05    0.04
 290   10.40    0.03    0.04
 291   10.40    0.03    0.07
 292   10.40    0.02    0.05
 293   10.40    0.04    0.04
 294   10.40    0.03    0.03
 295   10.40    0.06    0.05
 296   10.40    0.05    0.07
 297   10.40    0.06    0.03
 298   11.80    0.03    0.04
 299   11.40    0.05    0.04
 300   11.10    0.05    0.06
 301   10.90    0.03    0.06
 302   10.70    0.06    0.05
 303   10.60    0.04    0.05
 304   10.60    0.02    0.06
 305   10.50    0.04    0.06
 306   10.50    0.03    0.05
 307   10.50    0.03    0.05
 308   10.40    0.05    0.05
 309   10.40    0.08    0.07
 310   10.40    0.04    0.06
 311   10.40    0.04    0.06
 312   10.40    0.05    0.04
 313   10.40    0.10    0.04
 314   10.40    0.09    0.07
 315   10.40    0.04    0.03
 316   10.40    0.09    0.04
 317   10.40    0.06    0.05
 318   10.40    0.03    0.03
 319   10.40    0.02    0.04
 320   10.40    0.04    0.03
 321   10.40    0.05    0.05
 322   10.40    0.02    0.02
 323   10.40    0.09    0.03
 324   10.40    0.03    0.03
 325   10.40    0.04    0.04
 326   10.40    0.03    0.06
 327   10.40    0.04    0.03
 328   10.40    0.03    0.04
 329   10.40    0.05    0.06
 330   10.40    0.04    0.05
 331   10.40    0.03    0.04
 332   10.30    0.03    0.04
 333   10.30    0.01    0.05
 334   10.30    0.04    0.06
 335   11.10    0.05    0.05
 336   10.90    0.05    0.05
 337   10.70    0.06    0.03
 338   10.60    0.03    0.08
 339   10.50    0.05    0.03
 340   10.50    0.02    0.05
 341   10.60    0.06    0.04
 342   10.60    0.02    0.03
 343   10.50    0.03    0.04
 344   10.50    0.05    0.04
 345   10.40    0.03    0.05
 346   10.40    0.04    0.04
 347   10.40    0.04    0.06
 348   10.40    0.03    0.05
 349   10.40    0.02    0.03
 350   10.40    0.04    0.03
 351   10.40    0.05    0.05
 352   10.40    0.05    0.04
 353   10.40    0.03    0.05
 354   10.40    0.04    0.04
 355   10.40    0.03    0.04
 356   10.40    0.03    0.06
 357   10.40    0.04    0.06
 358   10.40    0.03    0.05
 359   10.40    0.01    0.03
 360   10.40    0.02    0.06
 361   10.40    0.06    0.09
 362   10.30    0.05    0.07
 363   10.30    0.03    0.08
 364   10.30    0.03    0.03
 365   10.30    0.03    0.06
