.\Solatenol_exp_ESLS1986_0VFS.dat
Init exposure day: 001
Last exposure day: 365
 Day   Solatenol Cd     As(III)
   1   1.446    0.06    0.05
   2   1.446    0.09    0.08
   3   1.446    0.06    0.09
   4   1.446    0.04    0.04
   5   1.446    0.05    0.04
   6   1.446    0.02    0.03
   7   1.446    0.03    0.05
   8   1.446    0.01    0.07
   9   1.446    0.03    0.06
  10   1.445    0.03    0.04
  11   1.445    0.03    0.08
  12   1.445    0.05    0.04
  13   1.445    0.06    0.04
  14   1.445    0.05    0.06
  15   1.445    0.07    0.05
  16   1.467    0.05    0.02
  17   1.560    0.05    0.09
  18   1.560    0.03    0.04
  19   1.530    0.01    0.04
  20   1.500    0.04    0.03
  21   1.488    0.06    0.02
  22   1.476    0.11    0.05
  23   1.469    0.08    0.05
  24   1.463    0.05    0.05
  25   1.460    0.04    0.04
  26   1.457    0.06    0.04
  27   1.455    0.03    0.05
  28   1.454    0.03    0.06
  29   1.452    0.06    0.04
  30   1.451    0.01    0.05
  31   1.451    0.06    0.04
  32   1.451    0.07    0.04
  33   1.449    0.08    0.03
  34   1.457    0.03    0.05
  35   1.515    0.03    0.03
  36   1.500    0.02    0.05
  37   1.487    0.03    0.06
  38   1.476    0.03    0.05
  39   1.469    0.10    0.04
  40   1.463    0.05    0.07
  41   1.460    0.05    0.05
  42   1.457    0.12    0.05
  43   1.455    0.02    0.08
  44   1.454    0.05    0.03
  45   1.452    0.03    0.05
  46   1.452    0.10    0.05
  47   1.452    0.09    0.05
  48   1.451    0.06    0.06
  49   1.451    0.02    0.05
  50   1.452    0.05    0.07
  51   1.451    0.04    0.05
  52   1.451    0.03    0.08
  53   1.451    0.09    0.03
  54   1.451    0.04    0.05
  55   1.449    0.04    0.04
  56   1.449    0.05    0.05
  57   1.449    0.02    0.04
  58   1.449    0.07    0.05
  59   1.449    0.06    0.06
  60   1.449    0.06    0.04
  61   1.449    0.02    0.04
  62   1.449    0.02    0.06
  63   1.449    0.05    0.07
  64   1.448    0.02    0.02
  65   1.448    0.04    0.03
  66   1.448    0.05    0.04
  67   1.448    0.03    0.05
  68   1.448    0.04    0.04
  69   1.448    0.03    0.04
  70   1.448    0.06    0.06
  71   1.448    0.04    0.05
  72   1.448    0.02    0.07
  73   1.446    0.05    0.04
  74   1.446    0.07    0.04
  75   1.446    0.03    0.04
  76   1.446    0.05    0.05
  77   1.458    0.04    0.04
  78   1.454    0.04    0.03
  79   1.451    0.05    0.06
  80   1.449    0.08    0.06
  81   1.448    0.03    0.05
  82   1.446    0.06    0.07
  83   1.446    0.04    0.04
  84   1.445    0.03    0.05
  85   1.445    0.06    0.05
  86   1.443    0.06    0.05
  87   1.443    0.03    0.08
  88   1.443    0.04    0.04
  89   1.443    0.04    0.09
  90   1.442    0.15    0.07
  91   1.442    0.03    0.03
  92   1.442    0.05    0.04
  93   1.442    0.05    0.03
  94   1.440    0.03    0.03
  95   1.440    0.03    0.03
  96   1.440    0.04    0.04
  97   1.440    0.05    0.04
  98   1.439    0.06    0.04
  99   1.439    0.05    0.04
 100   1.439    0.03    0.04
 101   1.437    0.03    0.08
 102   1.437    0.02    0.06
 103   1.437    0.03    0.06
 104   1.437    0.05    0.03
 105   1.436    0.03    0.04
 106   1.436    0.03    0.06
 107   1.436    0.07    0.06
 108   1.434    0.09    0.06
 109   1.434    0.03    0.04
 110   1.434    0.05    0.05
 111   1.433    0.03    0.06
 112   1.433    0.07    0.03
 113   1.433    0.03    0.07
 114   1.431    0.04    0.04
 115   1.431    0.03    0.04
 116   1.431    0.07    0.05
 117   1.430    0.05    0.05
 118   1.430    0.02    0.11
 119   1.449    0.04    0.05
 120   1.515    0.05    0.06
 121   1.485    0.07    0.03
 122   1.469    0.02    0.05
 123   1.457    0.02    0.04
 124   1.449    0.03    0.07
 125   1.443    0.03    0.05
 126   1.439    0.08    0.05
 127   1.436    0.03    0.05
 128   1.433    0.07    0.04
 129   1.431    0.03    0.04
 130   1.430    0.11    0.04
 131   1.428    0.05    0.05
 132   1.427    0.04    0.08
 133   1.427    0.04    0.07
 134   1.425    0.08    0.06
 135   1.425    0.08    0.05
 136   1.442    0.04    0.06
 137   1.650    0.04    0.06
 138   1.590    0.02    0.06
 139   1.530    0.04    0.05
 140   1.500    0.03    0.02
 141   1.482    0.03    0.04
 142   1.466    0.06    0.04
 143   1.455    0.02    0.07
 144   1.446    0.03    0.03
 145   1.445    0.03    0.05
 146   1.439    0.03    0.06
 147   1.436    0.05    0.07
 148   1.433    0.03    0.04
 149   1.430    0.06    0.03
 150   1.428    0.04    0.03
 151   1.427    0.05    0.04
 152   1.425    0.05    0.05
 153   1.424    0.04    0.06
 154   1.424    0.04    0.05
 155   1.422    0.10    0.04
 156   1.422    0.03    0.05
 157   1.421    0.04    0.05
 158   1.421    0.02    0.04
 159   1.419    0.04    0.08
 160   1.419    0.05    0.04
 161   1.419    0.04    0.04
 162   1.418    0.04    0.03
 163   1.418    0.03    0.04
 164   1.416    0.02    0.05
 165   1.415    0.06    0.06
 166   1.415    0.04    0.03
 167   1.413    0.11    0.04
 168   1.413    0.05    0.06
 169   1.412    0.04    0.07
 170   1.412    0.03    0.03
 171   1.410    0.04    0.06
 172   1.409    0.05    0.04
 173   1.409    0.04    0.05
 174   1.407    0.04    0.04
 175   1.407    0.03    0.06
 176   1.406    0.08    0.07
 177   1.404    0.04    0.05
 178   1.404    0.02    0.06
 179   1.403    0.03    0.05
 180   1.401    0.04    0.07
 181   2.460    0.05    0.07
 182   2.160    0.04    0.04
 183   1.950    0.06    0.04
 184   1.800    0.04    0.06
 185   1.695    0.03    0.05
 186   1.635    0.02    0.03
 187   1.575    0.05    0.04
 188   1.605    0.04    0.04
 189   4.620    0.11    0.06
 190   3.720    0.06    0.05
 191   3.135    0.12    0.05
 192   2.670    0.02    0.06
 193   2.355    0.04    0.03
 194   2.130    0.04    0.03
 195   1.980    0.07    0.05
 196   1.875    0.06    0.06
 197   1.800    0.04    0.06
 198   1.740    0.03    0.05
 199   1.710    0.06    0.03
 200   1.680    0.02    0.08
 201   1.665    0.04    0.04
 202   1.650    0.02    0.03
 203   1.635    0.09    0.05
 204   1.635    0.05    0.05
 205   1.620    0.03    0.04
 206   1.620    0.03    0.04
 207   1.620    0.05    0.04
 208   1.620    0.02    0.05
 209   1.605    0.05    0.06
 210   1.605    0.04    0.04
 211   1.605    0.06    0.06
 212   1.605    0.02    0.03
 213   1.605    0.03    0.02
 214   1.605    0.06    0.06
 215   1.605    0.01    0.03
 216   1.605    0.06    0.05
 217   1.635    0.03    0.05
 218   1.620    0.04    0.04
 219   1.680    0.07    0.04
 220   1.650    0.02    0.05
 221   1.635    0.03    0.03
 222   1.620    0.05    0.05
 223   1.620    0.02    0.05
 224   1.605    0.05    0.05
 225   1.605    0.03    0.05
 226   1.605    0.02    0.03
 227   1.590    0.10    0.03
 228   1.590    0.02    0.03
 229   1.590    0.05    0.05
 230   1.590    0.08    0.04
 231   1.590    0.08    0.04
 232   1.590    0.03    0.04
 233   1.590    0.05    0.03
 234   1.590    0.06    0.03
 235   1.575    0.06    0.07
 236   1.575    0.05    0.03
 237   1.575    0.03    0.04
 238   1.575    0.05    0.04
 239   1.575    0.12    0.06
 240   1.575    0.09    0.05
 241   1.575    0.05    0.05
 242   1.575    0.04    0.05
 243   1.575    0.04    0.05
 244   1.575    0.03    0.04
 245   1.575    0.06    0.05
 246   1.575    0.03    0.04
 247   1.575    0.04    0.04
 248   1.575    0.03    0.05
 249   1.575    0.03    0.06
 250   1.560    0.05    0.07
 251   1.560    0.07    0.03
 252   1.560    0.03    0.05
 253   1.560    0.03    0.04
 254   1.560    0.03    0.05
 255   1.560    0.09    0.04
 256   1.560    0.03    0.07
 257   1.560    0.04    0.03
 258   1.560    0.04    0.05
 259   1.560    0.04    0.04
 260   1.560    0.03    0.04
 261   1.560    0.07    0.07
 262   1.605    0.05    0.04
 263   1.590    0.03    0.04
 264   1.575    0.04    0.05
 265   1.605    0.05    0.05
 266   1.590    0.02    0.03
 267   1.875    0.10    0.05
 268   1.785    0.05    0.02
 269   1.725    0.04    0.06
 270   1.680    0.04    0.04
 271   1.635    0.07    0.04
 272   1.725    0.03    0.05
 273   1.680    0.03    0.04
 274   1.665    0.01    0.03
 275   1.635    0.02    0.09
 276   1.635    0.07    0.05
 277   1.620    0.06    0.06
 278   1.605    0.02    0.05
 279   1.590    0.03    0.05
 280   1.590    0.03    0.06
 281   1.575    0.07    0.06
 282   1.575    0.02    0.05
 283   1.575    0.04    0.04
 284   1.575    0.04    0.06
 285   1.575    0.04    0.05
 286   1.575    0.04    0.03
 287   1.575    0.05    0.04
 288   1.560    0.03    0.06
 289   1.560    0.05    0.04
 290   1.560    0.03    0.04
 291   1.560    0.03    0.07
 292   1.560    0.02    0.05
 293   1.560    0.04    0.04
 294   1.560    0.03    0.03
 295   1.560    0.06    0.05
 296   1.560    0.05    0.07
 297   1.560    0.06    0.03
 298   1.770    0.03    0.04
 299   1.710    0.05    0.04
 300   1.665    0.05    0.06
 301   1.635    0.03    0.06
 302   1.605    0.06    0.05
 303   1.590    0.04    0.05
 304   1.590    0.02    0.06
 305   1.575    0.04    0.06
 306   1.575    0.03    0.05
 307   1.575    0.03    0.05
 308   1.560    0.05    0.05
 309   1.560    0.08    0.07
 310   1.560    0.04    0.06
 311   1.560    0.04    0.06
 312   1.560    0.05    0.04
 313   1.560    0.10    0.04
 314   1.560    0.09    0.07
 315   1.560    0.04    0.03
 316   1.560    0.09    0.04
 317   1.560    0.06    0.05
 318   1.560    0.03    0.03
 319   1.560    0.02    0.04
 320   1.560    0.04    0.03
 321   1.560    0.05    0.05
 322   1.560    0.02    0.02
 323   1.560    0.09    0.03
 324   1.560    0.03    0.03
 325   1.560    0.04    0.04
 326   1.560    0.03    0.06
 327   1.560    0.04    0.03
 328   1.560    0.03    0.04
 329   1.560    0.05    0.06
 330   1.560    0.04    0.05
 331   1.560    0.03    0.04
 332   1.545    0.03    0.04
 333   1.545    0.01    0.05
 334   1.545    0.04    0.06
 335   1.665    0.05    0.05
 336   1.635    0.05    0.05
 337   1.605    0.06    0.03
 338   1.590    0.03    0.08
 339   1.575    0.05    0.03
 340   1.575    0.02    0.05
 341   1.590    0.06    0.04
 342   1.590    0.02    0.03
 343   1.575    0.03    0.04
 344   1.575    0.05    0.04
 345   1.560    0.03    0.05
 346   1.560    0.04    0.04
 347   1.560    0.04    0.06
 348   1.560    0.03    0.05
 349   1.560    0.02    0.03
 350   1.560    0.04    0.03
 351   1.560    0.05    0.05
 352   1.560    0.05    0.04
 353   1.560    0.03    0.05
 354   1.560    0.04    0.04
 355   1.560    0.03    0.04
 356   1.560    0.03    0.06
 357   1.560    0.04    0.06
 358   1.560    0.03    0.05
 359   1.560    0.01    0.03
 360   1.560    0.02    0.06
 361   1.560    0.06    0.09
 362   1.545    0.05    0.07
 363   1.545    0.03    0.08
 364   1.545    0.03    0.03
 365   1.545    0.03    0.06
