.\Solatenol_exp_ESLS1986_0VFS.dat			
Init exposure day: 001
Last exposure day: 365
 Day   Solatenol Cd     As(III)
   1   0.964    0.06    0.05
   2   0.964    0.09    0.08
   3   0.964    0.06    0.09
   4   0.964    0.04    0.04
   5   0.964    0.05    0.04
   6   0.964    0.02    0.03
   7   0.964    0.03    0.05
   8   0.964    0.01    0.07
   9   0.964    0.03    0.06
  10   0.963    0.03    0.04
  11   0.963    0.03    0.08
  12   0.963    0.05    0.04
  13   0.963    0.06    0.04
  14   0.963    0.05    0.06
  15   0.963    0.07    0.05
  16   0.978    0.05    0.02
  17   1.040    0.05    0.09
  18   1.040    0.03    0.04
  19   1.020    0.01    0.04
  20   1.000    0.04    0.03
  21   0.992    0.06    0.02
  22   0.984    0.11    0.05
  23   0.979    0.08    0.05
  24   0.975    0.05    0.05
  25   0.973    0.04    0.04
  26   0.971    0.06    0.04
  27   0.970    0.03    0.05
  28   0.969    0.03    0.06
  29   0.968    0.06    0.04
  30   0.967    0.01    0.05
  31   0.967    0.06    0.04
  32   0.967    0.07    0.04
  33   0.966    0.08    0.03
  34   0.971    0.03    0.05
  35   1.010    0.03    0.03
  36   1.000    0.02    0.05
  37   0.991    0.03    0.06
  38   0.984    0.03    0.05
  39   0.979    0.10    0.04
  40   0.975    0.05    0.07
  41   0.973    0.05    0.05
  42   0.971    0.12    0.05
  43   0.970    0.02    0.08
  44   0.969    0.05    0.03
  45   0.968    0.03    0.05
  46   0.968    0.10    0.05
  47   0.968    0.09    0.05
  48   0.967    0.06    0.06
  49   0.967    0.02    0.05
  50   0.968    0.05    0.07
  51   0.967    0.04    0.05
  52   0.967    0.03    0.08
  53   0.967    0.09    0.03
  54   0.967    0.04    0.05
  55   0.966    0.04    0.04
  56   0.966    0.05    0.05
  57   0.966    0.02    0.04
  58   0.966    0.07    0.05
  59   0.966    0.06    0.06
  60   0.966    0.06    0.04
  61   0.966    0.02    0.04
  62   0.966    0.02    0.06
  63   0.966    0.05    0.07
  64   0.965    0.02    0.02
  65   0.965    0.04    0.03
  66   0.965    0.05    0.04
  67   0.965    0.03    0.05
  68   0.965    0.04    0.04
  69   0.965    0.03    0.04
  70   0.965    0.06    0.06
  71   0.965    0.04    0.05
  72   0.965    0.02    0.07
  73   0.964    0.05    0.04
  74   0.964    0.07    0.04
  75   0.964    0.03    0.04
  76   0.964    0.05    0.05
  77   0.972    0.04    0.04
  78   0.969    0.04    0.03
  79   0.967    0.05    0.06
  80   0.966    0.08    0.06
  81   0.965    0.03    0.05
  82   0.964    0.06    0.07
  83   0.964    0.04    0.04
  84   0.963    0.03    0.05
  85   0.963    0.06    0.05
  86   0.962    0.06    0.05
  87   0.962    0.03    0.08
  88   0.962    0.04    0.04
  89   0.962    0.04    0.09
  90   0.961    0.15    0.07
  91   0.961    0.03    0.03
  92   0.961    0.05    0.04
  93   0.961    0.05    0.03
  94   0.960    0.03    0.03
  95   0.960    0.03    0.03
  96   0.960    0.04    0.04
  97   0.960    0.05    0.04
  98   0.959    0.06    0.04
  99   0.959    0.05    0.04
 100   0.959    0.03    0.04
 101   0.958    0.03    0.08
 102   0.958    0.02    0.06
 103   0.958    0.03    0.06
 104   0.958    0.05    0.03
 105   0.957    0.03    0.04
 106   0.957    0.03    0.06
 107   0.957    0.07    0.06
 108   0.956    0.09    0.06
 109   0.956    0.03    0.04
 110   0.956    0.05    0.05
 111   0.955    0.03    0.06
 112   0.955    0.07    0.03
 113   0.955    0.03    0.07
 114   0.954    0.04    0.04
 115   0.954    0.03    0.04
 116   0.954    0.07    0.05
 117   0.953    0.05    0.05
 118   0.953    0.02    0.11
 119   0.966    0.04    0.05
 120   1.010    0.05    0.06
 121   0.990    0.07    0.03
 122   0.979    0.02    0.05
 123   0.971    0.02    0.04
 124   0.966    0.03    0.07
 125   0.962    0.03    0.05
 126   0.959    0.08    0.05
 127   0.957    0.03    0.05
 128   0.955    0.07    0.04
 129   0.954    0.03    0.04
 130   0.953    0.11    0.04
 131   0.952    0.05    0.05
 132   0.951    0.04    0.08
 133   0.951    0.04    0.07
 134   0.950    0.08    0.06
 135   0.950    0.08    0.05
 136   0.961    0.04    0.06
 137   1.100    0.04    0.06
 138   1.060    0.02    0.06
 139   1.020    0.04    0.05
 140   1.000    0.03    0.02
 141   0.988    0.03    0.04
 142   0.977    0.06    0.04
 143   0.970    0.02    0.07
 144   0.964    0.03    0.03
 145   0.963    0.03    0.05
 146   0.959    0.03    0.06
 147   0.957    0.05    0.07
 148   0.955    0.03    0.04
 149   0.953    0.06    0.03
 150   0.952    0.04    0.03
 151   0.951    0.05    0.04
 152   0.950    0.05    0.05
 153   0.949    0.04    0.06
 154   0.949    0.04    0.05
 155   0.948    0.10    0.04
 156   0.948    0.03    0.05
 157   0.947    0.04    0.05
 158   0.947    0.02    0.04
 159   0.946    0.04    0.08
 160   0.946    0.05    0.04
 161   0.946    0.04    0.04
 162   0.945    0.04    0.03
 163   0.945    0.03    0.04
 164   0.944    0.02    0.05
 165   0.943    0.06    0.06
 166   0.943    0.04    0.03
 167   0.942    0.11    0.04
 168   0.942    0.05    0.06
 169   0.941    0.04    0.07
 170   0.941    0.03    0.03
 171   0.940    0.04    0.06
 172   0.939    0.05    0.04
 173   0.939    0.04    0.05
 174   0.938    0.04    0.04
 175   0.938    0.03    0.06
 176   0.937    0.08    0.07
 177   0.936    0.04    0.05
 178   0.936    0.02    0.06
 179   0.935    0.03    0.05
 180   0.934    0.04    0.07
 181   1.640    0.05    0.07
 182   1.440    0.04    0.04
 183   1.300    0.06    0.04
 184   1.200    0.04    0.06
 185   1.130    0.03    0.05
 186   1.090    0.02    0.03
 187   1.050    0.05    0.04
 188   1.070    0.04    0.04
 189   3.080    0.11    0.06
 190   2.480    0.06    0.05
 191   2.090    0.12    0.05
 192   1.780    0.02    0.06
 193   1.570    0.04    0.03
 194   1.420    0.04    0.03
 195   1.320    0.07    0.05
 196   1.250    0.06    0.06
 197   1.200    0.04    0.06
 198   1.160    0.03    0.05
 199   1.140    0.06    0.03
 200   1.120    0.02    0.08
 201   1.110    0.04    0.04
 202   1.100    0.02    0.03
 203   1.090    0.09    0.05
 204   1.090    0.05    0.05
 205   1.080    0.03    0.04
 206   1.080    0.03    0.04
 207   1.080    0.05    0.04
 208   1.080    0.02    0.05
 209   1.070    0.05    0.06
 210   1.070    0.04    0.04
 211   1.070    0.06    0.06
 212   1.070    0.02    0.03
 213   1.070    0.03    0.02
 214   1.070    0.06    0.06
 215   1.070    0.01    0.03
 216   1.070    0.06    0.05
 217   1.090    0.03    0.05
 218   1.080    0.04    0.04
 219   1.120    0.07    0.04
 220   1.100    0.02    0.05
 221   1.090    0.03    0.03
 222   1.080    0.05    0.05
 223   1.080    0.02    0.05
 224   1.070    0.05    0.05
 225   1.070    0.03    0.05
 226   1.070    0.02    0.03
 227   1.060    0.10    0.03
 228   1.060    0.02    0.03
 229   1.060    0.05    0.05
 230   1.060    0.08    0.04
 231   1.060    0.08    0.04
 232   1.060    0.03    0.04
 233   1.060    0.05    0.03
 234   1.060    0.06    0.03
 235   1.050    0.06    0.07
 236   1.050    0.05    0.03
 237   1.050    0.03    0.04
 238   1.050    0.05    0.04
 239   1.050    0.12    0.06
 240   1.050    0.09    0.05
 241   1.050    0.05    0.05
 242   1.050    0.04    0.05
 243   1.050    0.04    0.05
 244   1.050    0.03    0.04
 245   1.050    0.06    0.05
 246   1.050    0.03    0.04
 247   1.050    0.04    0.04
 248   1.050    0.03    0.05
 249   1.050    0.03    0.06
 250   1.040    0.05    0.07
 251   1.040    0.07    0.03
 252   1.040    0.03    0.05
 253   1.040    0.03    0.04
 254   1.040    0.03    0.05
 255   1.040    0.09    0.04
 256   1.040    0.03    0.07
 257   1.040    0.04    0.03
 258   1.040    0.04    0.05
 259   1.040    0.04    0.04
 260   1.040    0.03    0.04
 261   1.040    0.07    0.07
 262   1.070    0.05    0.04
 263   1.060    0.03    0.04
 264   1.050    0.04    0.05
 265   1.070    0.05    0.05
 266   1.060    0.02    0.03
 267   1.250    0.10    0.05
 268   1.190    0.05    0.02
 269   1.150    0.04    0.06
 270   1.120    0.04    0.04
 271   1.090    0.07    0.04
 272   1.150    0.03    0.05
 273   1.120    0.03    0.04
 274   1.110    0.01    0.03
 275   1.090    0.02    0.09
 276   1.090    0.07    0.05
 277   1.080    0.06    0.06
 278   1.070    0.02    0.05
 279   1.060    0.03    0.05
 280   1.060    0.03    0.06
 281   1.050    0.07    0.06
 282   1.050    0.02    0.05
 283   1.050    0.04    0.04
 284   1.050    0.04    0.06
 285   1.050    0.04    0.05
 286   1.050    0.04    0.03
 287   1.050    0.05    0.04
 288   1.040    0.03    0.06
 289   1.040    0.05    0.04
 290   1.040    0.03    0.04
 291   1.040    0.03    0.07
 292   1.040    0.02    0.05
 293   1.040    0.04    0.04
 294   1.040    0.03    0.03
 295   1.040    0.06    0.05
 296   1.040    0.05    0.07
 297   1.040    0.06    0.03
 298   1.180    0.03    0.04
 299   1.140    0.05    0.04
 300   1.110    0.05    0.06
 301   1.090    0.03    0.06
 302   1.070    0.06    0.05
 303   1.060    0.04    0.05
 304   1.060    0.02    0.06
 305   1.050    0.04    0.06
 306   1.050    0.03    0.05
 307   1.050    0.03    0.05
 308   1.040    0.05    0.05
 309   1.040    0.08    0.07
 310   1.040    0.04    0.06
 311   1.040    0.04    0.06
 312   1.040    0.05    0.04
 313   1.040    0.10    0.04
 314   1.040    0.09    0.07
 315   1.040    0.04    0.03
 316   1.040    0.09    0.04
 317   1.040    0.06    0.05
 318   1.040    0.03    0.03
 319   1.040    0.02    0.04
 320   1.040    0.04    0.03
 321   1.040    0.05    0.05
 322   1.040    0.02    0.02
 323   1.040    0.09    0.03
 324   1.040    0.03    0.03
 325   1.040    0.04    0.04
 326   1.040    0.03    0.06
 327   1.040    0.04    0.03
 328   1.040    0.03    0.04
 329   1.040    0.05    0.06
 330   1.040    0.04    0.05
 331   1.040    0.03    0.04
 332   1.030    0.03    0.04
 333   1.030    0.01    0.05
 334   1.030    0.04    0.06
 335   1.110    0.05    0.05
 336   1.090    0.05    0.05
 337   1.070    0.06    0.03
 338   1.060    0.03    0.08
 339   1.050    0.05    0.03
 340   1.050    0.02    0.05
 341   1.060    0.06    0.04
 342   1.060    0.02    0.03
 343   1.050    0.03    0.04
 344   1.050    0.05    0.04
 345   1.040    0.03    0.05
 346   1.040    0.04    0.04
 347   1.040    0.04    0.06
 348   1.040    0.03    0.05
 349   1.040    0.02    0.03
 350   1.040    0.04    0.03
 351   1.040    0.05    0.05
 352   1.040    0.05    0.04
 353   1.040    0.03    0.05
 354   1.040    0.04    0.04
 355   1.040    0.03    0.04
 356   1.040    0.03    0.06
 357   1.040    0.04    0.06
 358   1.040    0.03    0.05
 359   1.040    0.01    0.03
 360   1.040    0.02    0.06
 361   1.040    0.06    0.09
 362   1.030    0.05    0.07
 363   1.030    0.03    0.08
 364   1.030    0.03    0.03
 365   1.030    0.03    0.06
