Bioenergetics growth parameters for generic Midwestern headwater pool - Oct 2018
Four plant categories,     - no of populations in each  (4I6) NOTE: first two plant groups are both periphyton
    10    10     2     0
Consumer populations
Eight consumers categories, - no of populations in each (8I6)
     4     5     2     1     5     3     1     1
                 Initial  Max                                          Light                                               Photo       Dark                                                                                          
                 biomass  growth  Temperature effects on growth        saturation  Sinking  Nutrient limitation  Mortality respiration respiration  Habitat - salinity         Habitat - current velocity Habitat - water depth      Phenology - Initiation, senescence   
Producer           bp     psmax   te1  xk1 te2  xk2 te3 xk3  te4 xk4   si          snk      xkp    xkn    xks     pm       resp        resd         PSUlt  PSUol  PSUou  PSUut Vlt   Vol   Vou   Vut      Dlt   Dol   Dou   Dut      DDi        DDs                     
populations       gC/m2   1/d      C        C        C        C        E/m2/d      1/d      mgP/L  mgN/L  mgSi/L  1/d      unitless    1/d          PSU    PSU    PSU    PSU   m/s   m/s   m/s   m/s       m     m     m     m       deg d      deg d                         
Phytoplankton
Diatom1         0.10e-01  1.57     4. 0.01 10. 1.00 14. 1.00 18. 0.01   10.       0.10      0.010  0.150  0.60    0.040    0.026       0.120        0.     0.     0.     0.    0.0   0.0   0.0   0.0       0.00  0.00  0.00  0.00      280.     5500.  
Diatom2         0.10e-01  1.40     4. 0.01 12. 1.00 16. 1.00 20. 0.01   11.       0.10      0.010  0.140  0.40    0.030    0.028       0.120        0.     0.     0.     0.    0.0   0.0   0.0   0.0       0.00  0.00  0.00  0.00      280.     5500.
Chlorophyte1    0.10e-01  1.24     6. 0.01 14. 1.00 18. 1.00 22. 0.01    9.       0.07      0.008  0.120  0.00    0.030    0.030       0.100        0.     0.     0.     0.    0.0   0.0   0.0   0.0       0.00  0.00  0.00  0.00      400.     5500.
Chlorophyte2    0.10e-01  1.23     6. 0.01 16. 1.00 20. 1.00 24. 0.01    8.       0.07      0.009  0.120  0.00    0.030    0.032       0.120        0.     0.     0.     0.    0.0   0.0   0.0   0.0       0.00  0.00  0.00  0.00      450.     5500.
Chlorophyte3    0.10e-01  1.27     6. 0.01 18. 1.00 22. 1.00 26. 0.01    9.       0.07      0.007  0.200  0.00    0.010    0.026       0.080        0.     0.     0.     0.    0.0   0.0   0.0   0.0       0.00  0.00  0.00  0.00      600.     5500.
Chlorophyte4    0.10e-01  1.29     6. 0.01 20. 1.00 24. 1.00 28. 0.01    8.       0.07      0.006  0.160  0.00    0.010    0.036       0.120        0.     0.     0.     0.    0.0   0.0   0.0   0.0       0.00  0.00  0.00  0.00      600.     5500.
Cyanophyte1     0.10e-01  1.24     8. 0.01 18. 1.00 30. 1.00 34. 0.01    8.       0.04      0.011  0.270  0.00    0.070    0.034       0.080        0.     0.     0.     0.    0.0   0.0   0.0   0.0       0.00  0.00  0.00  0.00      800.     5500.
Cyanophyte2     0.10e-01  1.26     8. 0.01 20. 1.00 32. 1.00 36. 0.01    8.       0.04      0.012  0.280  0.00    0.050    0.034       0.100        0.     0.     0.     0.    0.0   0.0   0.0   0.0       0.00  0.00  0.00  0.00      800.     5500.
Cyanophyte3     0.10e-01  1.27    10. 0.01 22. 1.00 34. 1.00 38. 0.01    8.       0.04      0.010  0.256  0.00    0.050    0.030       0.080        0.     0.     0.     0.    0.0   0.0   0.0   0.0       0.00  0.00  0.00  0.00     1000.     5500.
Cyanophyte4     0.10e-01  1.35    12. 0.01 24. 1.00 34. 1.00 38. 0.01    7.       0.04      0.012  0.260  0.00    0.050    0.032       0.100        0.     0.     0.     0.    0.0   0.0   0.0   0.0       0.00  0.00  0.00  0.00     1000.     5500.
Periphyton  
Diatom3         0.33e-00  1.45     4. 0.01 10. 1.00 18. 1.00 22. 0.01    6.       0.0       0.008  0.140  0.50    0.030    0.030       0.080        0.     0.     0.     0.    0.0   0.0   0.0   0.0       0.00  0.00  0.00  0.00      200.     5500.
Diatom4         0.33e-00  1.55     4. 0.01 12. 1.00 20. 1.00 24. 0.01    6.       0.0       0.008  0.120  0.30    0.030    0.030       0.080        0.     0.     0.     0.    0.0   0.0   0.0   0.0       0.00  0.00  0.00  0.00      200.     5500.
Diatom5         0.33e-00  1.56     4. 0.01 14. 1.00 22. 1.00 26. 0.01    6.       0.0       0.008  0.100  0.25    0.030    0.030       0.080        0.     0.     0.     0.    0.0   0.0   0.0   0.0       0.00  0.00  0.00  0.00      400.     5500.
Chlorophyte5    0.33e-00  2.40     6. 0.01 14. 1.00 22. 1.00 26. 0.01    8.       0.0       0.006  0.180  0.00    0.010    0.035       0.080        0.     0.     0.     0.    0.0   0.0   0.0   0.0       0.00  0.00  0.00  0.00      400.     5500.
Chlorophyte6    0.33e-00  2.80     6. 0.01 16. 1.00 24. 1.00 28. 0.01    8.       0.0       0.006  0.180  0.00    0.010    0.035       0.100        0.     0.     0.     0.    0.0   0.0   0.0   0.0       0.00  0.00  0.00  0.00      650.     5500.
Chlorophyte7    0.33e-00  2.80     6. 0.01 18. 1.00 26. 1.00 30. 0.01    8.       0.0       0.006  0.160  0.00    0.010    0.040       0.100        0.     0.     0.     0.    0.0   0.0   0.0   0.0       0.00  0.00  0.00  0.00      700.     5500.
Cryptophyte1    0.33e-00  2.80     8. 0.01 20. 1.00 32. 1.00 36. 0.01    8.       0.0       0.008  0.180  0.00    0.020    0.028       0.080        0.     0.     0.     0.    0.0   0.0   0.0   0.0       0.00  0.00  0.00  0.00      300.     5500.
Cyanophyte5     0.33e-00  2.40     8. 0.01 20. 1.00 28. 1.00 32. 0.01   10.       0.0       0.010  0.280  0.00    0.050    0.040       0.070        0.     0.     0.     0.    0.0   0.0   0.0   0.0       0.00  0.00  0.00  0.00     1000.     5500.
Cyanophyte6     0.33e-00  2.80     8. 0.01 20. 1.00 28. 1.00 32. 0.01   10.       0.0       0.010  0.258  0.00    0.050    0.038       0.080        0.     0.     0.     0.    0.0   0.0   0.0   0.0       0.00  0.00  0.00  0.00     1000.     5500.
Euglenoid1      0.33e-00  2.80     6. 0.01 22. 1.00 30. 1.00 34. 0.01    6.       0.0       0.006  0.268  0.00    0.050    0.030       0.060        0.     0.     0.     0.    0.0   0.0   0.0   0.0       0.00  0.00  0.00  0.00      300.     5500.
Macrophytes
Elodea          2.28e-00   .08    10. 0.01 18. 1.00 26. 1.00 30. 0.01    6.       0.0       0.100  0.100  0.00    0.012    0.020       0.026        0.     0.     0.     0.    0.0   0.0   0.0   0.0       0.2   0.8   1.8   3.0       475.     3300.
Potamogeton     5.60e-00   .06    12. 0.01 20. 1.00 28. 1.00 32. 0.01    8.       0.0       0.100  0.100  0.00    0.010    0.040       0.020        0.     0.     0.     0.    0.0   0.0   0.0   0.0       0.4   1.0   2.5   4.0       600.     3200.
Emergents                                                                                                            
xlk             0.052                        
-----------------------------------------------------------------------------------------------------------------------------------------------------------------------------------------------------------------------------------------------------
                 Initial  Max                                          Specific Standard     Temperature                                                                                                                                                            
				 biomass  cons   Temperature effects on consumption    dynamic  Respiration  effects on resp  Egestion  Excretion  Mortality  Habitat - dis oxygen       Habitat - salinity           Habitat - velocity        Habitat - depth          Invert   
Consumer          bc      cmx     te1 xk1  te2 xk2  te3 xk3  te4 xk4   rsda     rmx          tro   trm        f         u          cm         DOlt  DOol  DOou  DOut     PSUlt  PSUol  PSUou  PSUut   Vlt  Vol  Vou  Vut        Dlt   Dol   Dou   Dut    Drift
populations      gC/m2    1/d      C        C        C        C        1/d      1/d           C     C         1/d       1/d        1/d        mg/L  mg/L  mg/L  mg/L     psu    psu    psu    psu     m/s  m/s  m/s  m/s        m     m     m     m      1/d
Zooplankton
Copepods        6.10e-03  0.50     4. 0.01 10. 1.00 18. 1.00 22. 0.01  0.00     0.12          28.  37.        0.000     0.020      0.010       1.0   4.0  50.0  80.0     0.0   00.0   00.0   00.0    00.0  00.0  00.0  00.0    00.0  00.0  00.0  00.0    0.00                                
Cladocerans     8.04e-03  0.65     8. 0.01 14. 1.00 22. 1.00 26. 0.01  0.00     0.14          30.  37.        0.000     0.030      0.020       1.0   4.0  50.0  80.0     0.0   00.0   00.0   00.0    00.0  00.0  00.0  00.0    00.0  00.0  00.0  00.0    0.00   
Rotifers        8.85e-03  0.60     4. 0.01  8. 1.00 26. 1.00 30. 0.01  0.00     0.16          30.  37.        0.000     0.030      0.060       1.0   4.0  50.0  80.0     0.0   00.0   00.0   00.0    00.0  00.0  00.0  00.0    00.0  00.0  00.0  00.0    0.00   
MicroZplankton  5.33e-03  0.65     4. 0.01 10. 1.00 28. 1.00 32. 0.01  0.00     0.18          30.  37.        0.000     0.030      0.080       1.0   4.0  50.0  80.0     0.0   00.0   00.0   00.0    00.0  00.0  00.0  00.0    00.0  00.0  00.0  00.0    0.00   
Pelagic Omnivorous Fish
RedShiner       2.98e-02  0.21  S 10. 0.01 15. 1.00 25. 1.00 36. 0.01  0.17     0.00042       28.  37.        0.150     0.100      0.0050      1.0   4.0  50.0  80.0     0.0   00.0   00.0   00.0     0.0  00.0  00.0  00.0    00.0  00.0  00.0  00.0    0.00
FatheadMinnow   2.74e-02  0.11  X 10. 0.01 20. 1.00 26. 1.00 30. 0.01  0.172    0.00689       28.  33.        0.100     0.100      0.0050      1.0   4.0  50.0  80.0     0.0   00.0   00.0   00.0     0.0  00.0  00.0  00.0    00.0  00.0  00.0  00.0    0.00
OrgThrtDarter   5.76e-03  0.20  S  8. 0.01 16. 1.00 26. 1.00 30. 0.01  0.175    0.01601       32.  37.        0.150     0.100      0.0100      1.0   4.0  50.0  80.0     0.0   00.0   00.0   00.0     0.0  00.0  00.0  00.0    00.0  00.0  00.0  00.0    0.00
TopShiner(juv)  0.00e-01  0.22  S  2. 0.01 24. 1.00 30. 1.00 36. 0.01  0.172    0.01808       28.  33.        0.100     0.100      0.0050      1.0   4.0  50.0  80.0     0.0   00.0   00.0   00.0     0.0  00.0  00.0  00.0    00.0  00.0  00.0  00.0    0.00
TopShiner(adt)  2.82e-01  0.07  S  2. 0.01 24. 1.00 30. 1.00 36. 0.01  0.172    0.00731       28.  33.        0.100     0.100      0.0050      1.0   4.0  50.0  80.0     0.0   00.0   00.0   00.0     0.0  00.0  00.0  00.0    00.0  00.0  00.0  00.0    0.00
Pelagic Piscivorous Fish
Bluegill        2.86e-01  0.08  X 14. 0.01 18. 1.00 24. 1.00 30. 0.01  0.163    0.00357       30.  37.        0.158     0.025      0.0040      2.0   4.0  50.0  80.0     0.0    0.0    0.0    0.0    00.0   0.0   0.0   0.0    00.0  00.0  00.0  00.0    0.00
GreenSunfish    2.81e-01  0.10  S 14. 0.01 18. 1.00 24. 1.00 30. 0.01  0.163    0.00345       30.  37.        0.158     0.025      0.0044      2.0   4.0  50.0  80.0     0.0    0.0    0.0    0.0    00.0   0.0   0.0   0.0    00.0  00.0  00.0  00.0    0.00
Pelagic Bacteria
Bacterioplankt  6.13e-01  0.70    12. 0.01 20. 1.00 26. 1.00 30. 0.01  0.00     0.40          30.  37.        0.000     0.00       0.00        1.0   4.0  50.0  80.0     0.0    0.0    0.0    0.0    00.0   0.0   0.0   0.0    00.0  00.0  00.0  00.0    0.00
Benthic Invertebrates
Ephemeroptera   5.83e-03  0.45     6. 0.01 12. 1.00 22. 1.00 28. 0.01  0.00     0.010         32.  37.        0.010     0.003      0.001       1.0   4.0  50.0  80.0     0.0    0.0    0.0    0.0    00.0   0.0   0.0   0.0    00.0  00.0  00.0  00.0    0.02  
Trichoptera     3.04e-02  0.50     6. 0.01 12. 1.00 22. 1.00 30. 0.01  0.00     0.010         30.  37.        0.010     0.002      0.002       1.0   4.0  50.0  80.0     0.0    0.0    0.0    0.0    00.0   0.0   0.0   0.0    00.0  00.0  00.0  00.0    0.02
Oligochaetes    2.25e-02  0.40     8. 0.01 14. 1.00 28. 1.00 32. 0.01  0.00     0.015         32.  37.        0.010     0.006      0.001       1.0   4.0  50.0  80.0     0.0    0.0    0.0    0.0    00.0   0.0   0.0   0.0    00.0  00.0  00.0  00.0    0.02
Chironomids     1.37e-02  0.30     8. 0.01 14. 1.00 24. 1.00 32. 0.01  0.00     0.025         30.  37.        0.010     0.006      0.001       1.0   4.0  50.0  80.0     0.0    0.0    0.0    0.0    00.0   0.0   0.0   0.0    00.0  00.0  00.0  00.0    0.02
Hyalella        3.99e-03  0.35     8. 0.01 14. 1.00 26. 1.00 30. 0.01  0.00     0.020         30.  37.        0.010     0.002      0.001       1.0   4.0  50.0  80.0     0.0    0.0    0.0    0.0    00.0   0.0   0.0   0.0    00.0  00.0  00.0  00.0    0.00
Benthic Omnivorous Fish
CreekChub       3.74e-01  0.05  S  6. 0.01 16. 1.00 24. 1.00 32. 0.01  0.100    0.00045       30.  37.        0.150     0.100      0.00100     2.0   4.0  50.0  80.0     0.0    0.0    0.0    0.0    00.0   0.0   0.0   0.0    00.0  00.0  00.0  00.0    0.00
BlackBullhead   3.71e-01  0.06  X  8. 0.01 20. 1.00 25. 1.00 30. 0.01  0.145    0.00020       30.  37.        0.150     0.100      0.00100     2.0   4.0  50.0  80.0     0.0    0.0    0.0    0.0    00.0   0.0   0.0   0.0    00.0  00.0  00.0  00.0    0.00
CommonCarp      7.29e-01  0.03  S  8. 0.01 20. 1.00 30. 1.00 35. 0.01  0.145    0.00011       30.  37.        0.150     0.100      0.00100     2.0   4.0  50.0  80.0     0.0    0.0    0.0    0.0    00.0   0.0   0.0   0.0    00.0  00.0  00.0  00.0    0.00
Benthic Piscivorous Fish
LrgMthBass      0.00e-01  0.01  X  8. 0.01 20. 1.00 28. 1.00 37. 0.01  0.140    0.00029       32.  37.        0.104     0.068      0.00100     2.0   4.0  50.0  80.0     0.0    0.0    0.0    0.0    00.0   0.0   0.0   0.0    00.0  00.0  00.0  00.0    0.00
Sediment Bacteria
BenthBacteria   6.36e-01  0.60    12. 0.01 20. 1.00 26. 1.00 30. 0.01  0.00     0.40          30.  37.        0.000     0.00       0.00        1.0   3.0  50.0  80.0     0.0    0.0    0.0    0.0    00.0   0.0   0.0   0.0    00.0  00.0  00.0  00.0    0.00
-----------------------------------------------------------------------------------------------------------------------------------------------------------------------------------------------------------------------------------------------------
bact xkn,xkp   1.000 00.05
fpp        fpn        fps        fpdo (gO2 released/gC fixed)
xxxxxxxxxx xxxxxxxxxx xxxxxxxxxx xxxxxxxxxx 
    0.0050     0.1509       3.16       3.50
fcp        fcn        fcs        fcdo (gO2 used/gC respired)
xxxxxxxxxx xxxxxxxxxx xxxxxxxxxx xxxxxxxxxx 
     .0244      0.176     0.0000       0.30
reach lgth      width      slope  (lgth, width in meters)
xxxxxxxxxx xxxxxxxxxx xxxxxxxxxx
       75.        15.        1.0   
decomposition parameters
      xxxx  xxxx  xxxx    
rcle  0.35  20.0  35.0
rcre  0.30  20.0  35.0
rclh  0.35  20.0  35.0
rcrh  0.30  20.0  35.0
particulate carbon settling rate (1/d)
      xxxx
stl   0.15
light extinction parameters
exH20 exDOC exPOC exTIS
xxxxx xxxxx xxxxx xxxxx
0.000 0.020 0.040 0.060 
light attenuation fractional depths
fd1   fd2   fd3   fd4
xxxxx xxxxx xxxxx xxxxx
0.500 1.000 1.000 0.000 

