CASM-TS Generic pool: 2010                                                                         
fktrN 00.0100                                                                          
fktrP 00.0025                                                                                      
fktrS 01.0000                                                                                            
                   Te      Th      I0      N       P       Si      depth   velocityTIS     POCe    wind    salinity
             DOY   C       C       eins/m2/mg/L    mg/L    mg/L    m       m/s     mg/L    mg/L    m/s     psu
----------------------------------------------------------------------------------------------------------------
               1   6.667   6.667  39.656   0.926   0.041   5.990   1.700   0.022   2.844   0.334   4.460   0.000
               2   6.333   6.333  40.634   1.064   0.016   8.440   1.568   0.013   1.144   0.134   5.530   0.000
               3   6.000   6.000  45.037   1.244   0.017   9.037   1.571   0.013   3.336   0.392   3.980   0.000
               4   5.667   5.667  46.586   0.973   0.036   8.545   1.792   0.027   7.232   0.850   5.450   0.000
               5   5.333   5.333  49.439   1.028   0.040   8.900   1.587   0.014   1.730   0.203   9.210   0.000
               6   5.333   5.333  34.780   0.970   0.020   8.993   1.556   0.012   0.907   0.107   7.250   0.000
               7   5.000   5.000  39.167   0.919   0.031   9.100   1.546   0.012   0.496   0.058   5.310   0.000
               8   4.667   4.667  39.737   0.898   0.019   9.553   1.538   0.011   4.320   0.508   1.800   0.000
               9   4.333   4.333  48.216   0.791   0.016  10.137   1.510   0.009   1.355   0.159   5.280   0.000
              10   4.333   4.333  41.776   0.847   0.027   8.983   1.506   0.009  21.813   2.563   8.480   0.000
              11   4.667   4.667  48.950   1.007   0.035   9.307   1.650   0.019   5.427   0.638   8.150   0.000
              12   4.667   4.667  40.308   0.933   0.029   9.465   1.569   0.013   1.986   0.233   5.860   0.000
              13   4.333   4.333  47.809   0.682   0.012  10.080   1.497   0.008   0.686   0.081   4.040   0.000
              14   4.333   4.333  41.857   0.843   0.012   9.293   1.516   0.009   0.808   0.095   3.450   0.000
              15   4.333   4.333  34.992   0.820   0.010   9.053   1.515   0.009   1.040   0.122   4.630   0.000
              16   4.000   4.000  46.341   0.776   0.008   9.035   1.510   0.009   0.774   0.091   9.550   0.000
              17   4.000   4.000  34.446   0.745   0.008   9.035   1.521   0.010   0.957   0.112   7.700   0.000
              18   4.000   4.000  34.275   0.827   0.009   8.800   1.521   0.010   0.850   0.100   6.400   0.000
              19   4.000   4.000  34.487   0.794   0.008   9.035   1.512   0.009   0.664   0.078   3.500   0.000
              20   4.000   4.000  35.261   0.742   0.008   9.170   1.508   0.009   0.659   0.078   5.640   0.000
              21   4.000   4.000  34.601   0.858   0.004   9.370   1.510   0.009   0.644   0.076   4.330   0.000
              22   3.667   3.667  35.025   0.818   0.003   6.730   1.519   0.010   0.445   0.052   9.450   0.000
              23   4.000   4.000  34.576   0.772   0.030   6.925   1.783   0.027   5.216   0.613   4.780   0.000
              24   4.000   4.000  41.368   0.817   0.077   6.572   1.658   0.019   1.727   0.203   3.750   0.000
              25   3.667   3.667  36.346   0.820   0.379   7.115   1.561   0.013   0.886   0.104   7.980   0.000
              26   4.000   4.000  50.989   1.032   0.220   7.240   1.624   0.017   3.158   0.371   4.070   0.000
              27   4.000   4.000  38.351   1.229   0.155   7.403   1.636   0.018  28.581   3.358   4.100   0.000
              28   4.000   4.000  39.248   1.172   0.095   8.493   1.555   0.012   2.146   0.252   6.190   0.000
              29   4.000   4.000  45.934   0.996   0.057   8.158   1.531   0.011   0.850   0.100   2.330   0.000
              30   4.333   4.333  49.195   0.991   0.046   8.468   1.542   0.011   2.246   0.264   2.970   0.000
              31   4.000   4.000  45.607   1.082   0.027   8.593   1.530   0.011   0.787   0.093   5.800   0.000
              32   4.000   4.000  37.756   0.999   0.141  11.393   1.516   0.009   0.419   0.049   4.460   0.000
              33   4.000   4.000  51.804   0.968   0.073   9.494   1.641   0.018   4.075   0.479   1.550   0.000
              34   4.000   4.000  51.315   1.205   0.087   8.756   1.895   0.033   7.176   0.843   4.590   0.000
              35   4.333   4.333  38.759   1.304   0.084   9.028   1.610   0.016   2.334   0.274   6.270   0.000
              36   4.000   4.000  36.655   1.227   0.039   9.845   1.587   0.014   2.158   0.254   6.060   0.000
              37   3.667   3.667  46.749   0.925   0.027   8.190   1.544   0.011   1.220   0.143   4.440   0.000
              38   3.667   3.667  38.107   0.892   0.018   8.003   1.520   0.010   0.900   0.106   2.450   0.000
              39   3.667   3.667  36.802   0.867   0.021   8.248   1.508   0.009   0.530   0.062   5.410   0.000
              40   3.667   3.667  41.694   0.886   0.021  10.152   1.512   0.009   0.725   0.085   1.520   0.000
              41   4.000   4.000  55.554   0.838   0.020   9.444   1.513   0.009   0.498   0.059   2.290   0.000
              42   4.000   4.000  44.711   0.751   0.086   7.044   1.805   0.028  10.045   1.180   4.390   0.000
              43   4.000   4.000  38.433   0.972   0.073   6.785   1.671   0.020   3.114   0.366   5.560   0.000
              44   4.333   4.333  39.493   1.020   0.033   7.763   1.628   0.017   2.322   0.273   4.480   0.000
              45   4.333   4.333  44.955   1.024   0.033   7.730   1.713   0.022   5.534   0.650   3.070   0.000
              46   5.000   5.000  38.596   0.937   0.028   7.925   1.609   0.016   2.332   0.274   5.070   0.000
              47   5.000   5.000  58.652   0.959   0.024   7.878   1.606   0.016   8.152   0.958   4.710   0.000
              48   5.667   5.667  56.288   1.422   0.035   9.260   1.654   0.019   3.440   0.404   4.220   0.000
              49   5.667   5.667  55.636   1.459   0.020  10.366   1.624   0.017   1.568   0.184   7.930   0.000
              50   5.333   5.333  56.859   1.575   0.030  10.016   1.704   0.022  11.440   1.344   6.430   0.000
              51   6.333   6.333  39.737   1.020   0.023   7.343   1.542   0.011   0.852   0.100   3.660   0.000
              52   6.667   6.667  40.960   0.961   0.021   7.005   1.539   0.011   0.770   0.091   8.460   0.000
              53   7.000   7.000  44.955   1.318   0.100   5.270   1.945   0.036  11.078   1.302   8.080   0.000
              54   7.667   7.667  52.456   1.591   0.056   7.748   2.065   0.043   7.955   0.935   4.790   0.000
              55   7.667   7.667  65.501   1.573   0.036   8.204   1.823   0.029   3.474   0.408   3.480   0.000
              56   8.000   8.000  62.729   1.524   0.019   8.566   1.674   0.020   1.747   0.205   3.130   0.000
              57   8.333   8.333  42.102   1.397   0.016   9.472   1.629   0.017   2.494   0.293   3.570   0.000
              58   7.333   7.333  64.115   1.253   0.019   9.528   1.601   0.015   1.802   0.212   7.660   0.000
              59   6.667   6.667  54.902   1.313   0.013   9.208   1.586   0.014   1.934   0.227   2.940   0.000
              60   6.333   6.333  49.929   1.252   0.008  11.205   1.567   0.013   1.534   0.240   5.330   0.000
              61   6.333   6.333  55.717   1.431   0.022   6.345   1.544   0.012  16.014   2.509   5.050   0.000
              62   6.667   6.667  66.479   0.925   0.013   6.793   1.547   0.012   1.343   0.210   5.700   0.000
              63   7.000   7.000  53.679   0.907   0.010   5.943   1.609   0.016   3.940   0.617   2.990   0.000
              64   8.000   8.000  69.088   1.144   0.034   7.930   1.670   0.020   6.138   0.962   4.380   0.000
              65   8.333   8.333  45.037   1.271   0.046   7.715   1.630   0.017   2.910   0.456   6.620   0.000
              66   8.333   8.333  38.596   1.178   0.038   8.163   1.602   0.015   3.135   0.491   4.290   0.000
              67   8.667   8.667  62.566   0.895   0.044   5.243   1.518   0.010  19.405   3.040   5.590   0.000
              68   8.333   8.333  38.107   1.113   0.038   8.690   1.641   0.018   4.974   0.779   5.800   0.000
              69   8.333   8.333  39.085   1.117   0.023   8.873   1.617   0.016   4.011   0.628   5.430   0.000
              70   7.667   7.667  40.960   1.115   0.022   9.093   1.580   0.014   3.416   0.535   4.660   0.000
              71   8.000   8.000  40.553   1.168   0.024   8.958   1.594   0.015   2.895   0.454   1.740   0.000
              72   7.333   7.333  38.514   1.314   0.030   9.138   1.553   0.012   2.054   0.322   5.530   0.000
              73   7.667   7.667  65.827   1.160   0.020   8.385   1.543   0.011   1.130   0.177   7.540   0.000
              74   8.000   8.000  43.651   1.060   0.020   8.960   1.537   0.011   1.277   0.200   7.330   0.000
              75   8.333   8.333  40.879   1.092   0.035   7.977   2.011   0.040   7.554   1.184   2.840   0.000
              76   9.000   9.000  55.880   1.197   0.033   6.995   1.669   0.020   4.608   0.722   5.260   0.000
              77   8.000   8.000  61.914   1.327   0.029   7.840   1.627   0.017   2.415   0.378   6.010   0.000
              78   8.333   8.333  43.732   0.976   0.015   8.273   1.561   0.013   1.543   0.242   4.410   0.000
              79   8.000   8.000  61.424   1.223   0.019   7.655   1.588   0.015   2.054   0.322   3.040   0.000
              80   7.333   7.333  74.633   1.341   0.032   7.463   1.532   0.011  21.225   3.325   4.000   0.000
              81   6.667   6.667  52.619   1.338   0.028   7.670   1.618   0.016   7.476   1.171   5.320   0.000
              82   7.000   7.000  60.528   1.119   0.018   7.733   1.568   0.013   7.275   1.140   4.170   0.000
              83   7.000   7.000  44.629   0.998   0.015   6.218   1.555   0.012   2.709   0.425   3.670   0.000
              84   7.333   7.333  68.844   1.053   0.017   5.473   1.597   0.015   3.069   0.481   6.910   0.000
              85   7.333   7.333  52.048   0.894   0.014   5.155   1.551   0.012   2.003   0.314   5.300   0.000
              86   8.333   8.333  61.424   1.084   0.021   6.210   1.581   0.014   2.289   0.359   5.800   0.000
              87   9.333   9.333  62.077   1.126   0.019   9.030   1.581   0.014   2.014   0.316   5.720   0.000
              88   9.667   9.667  74.062   1.737   0.024   8.305   1.696   0.021   5.360   0.840   6.520   0.000
              89  10.333  10.333  53.353   1.643   0.017   8.018   1.650   0.019   3.303   0.518   4.360   0.000
              90   9.333   9.333  56.777   1.542   0.024   7.533   1.814   0.029   9.390   1.471   6.440   0.000
              91   9.000   9.000  48.787   1.477   0.015   6.783   1.653   0.019   1.796   0.312   2.340   0.000
              92   9.667   9.667  47.157   1.307   0.012   6.450   1.591   0.015   1.374   0.239   1.820   0.000
              93  10.000  10.000  70.474   1.511   0.014   8.362   1.628   0.017   1.824   0.317   3.380   0.000
              94  10.333  10.333  50.989   1.506   0.025   8.582   1.688   0.021  10.087   1.754   2.370   0.000
              95  10.667  10.667  48.950   1.399   0.025   8.315   1.607   0.016   3.113   0.541   6.560   0.000
              96  11.333  11.333  61.995   1.575   0.015   8.730   1.666   0.020   3.333   0.579   9.070   0.000
              97  11.333  11.333  67.050   1.463   0.013   8.136   1.590   0.015   2.146   0.373   9.350   0.000
              98  10.333  10.333  80.503   1.368   0.011   8.562   1.562   0.013   1.048   0.182   6.020   0.000
              99  10.667  10.667  84.335   1.288   0.020   7.450   1.592   0.015   7.046   1.225   4.870   0.000
             100  10.667  10.667  62.892   1.528   0.027   7.808   1.676   0.020   5.046   0.877   1.190   0.000
             101  10.333  10.333  64.849   1.309   0.015   7.118   1.577   0.014   1.786   0.310   2.780   0.000
             102  10.333  10.333  58.245   1.155   0.028   9.874   1.652   0.019   4.192   0.729   4.110   0.000
             103  10.667  10.667  55.554   2.230   0.020   9.750   1.589   0.015   2.488   0.433   6.900   0.000
             104  12.000  12.000  68.029   1.632   0.027   9.030   1.802   0.028  18.381   3.195   2.110   0.000
             105  14.000  14.000  49.358   1.637   0.038  10.302   1.685   0.021   8.056   1.401   2.560   0.000
             106  14.000  14.000  61.588   1.540   0.026  10.830   1.601   0.015   2.685   0.467   4.540   0.000
             107  13.333  13.333  88.411   1.352   0.016   9.834   1.566   0.013   2.492   0.433   5.600   0.000
             108  13.000  13.000  52.130   1.259   0.007   8.902   1.562   0.013   1.542   0.268   4.160   0.000
             109  13.333  13.333  55.636   1.192   0.006   7.816   1.546   0.012   1.215   0.211   1.190   0.000
             110  13.667  13.667  69.333   1.133   0.005   8.040   1.539   0.011   0.710   0.123   2.040   0.000
             111  13.667  13.667  71.290   1.169   0.003   7.828   1.534   0.011   0.851   0.148   2.430   0.000
             112  14.333  14.333  56.940   0.717   0.009   4.335   1.614   0.016  20.137   3.501   4.430   0.000
             113  15.000  15.000  42.998   0.941   0.014   5.880   1.652   0.019   1.961   0.341   4.300   0.000
             114  14.333  14.333  79.687   0.906   0.019   5.610   1.649   0.018   2.288   0.398   3.210   0.000
             115  14.000  14.000  46.667   0.833   0.022   3.898   1.596   0.015   2.011   0.350   3.850   0.000
             116  14.000  14.000  64.849   0.729   0.013   3.580   1.551   0.012   1.674   0.291   1.430   0.000
             117  16.000  16.000  85.476   0.603   0.023   4.568   1.563   0.013   7.464   1.298   3.280   0.000
             118  17.667  17.667  62.077   0.646   0.023   5.720   1.563   0.013   1.847   0.321   4.180   0.000
             119  18.000  18.000  79.851   1.007   0.038   7.256   1.756   0.025   0.944   0.164   2.360   0.000
             120  17.333  17.333  55.391   0.762   0.050   8.382   1.605   0.016   2.913   0.506   6.160   0.000
             121  17.667  17.667  79.035   1.129   0.033   8.868   1.687   0.021   3.094   0.684   9.260   0.000
             122  16.667  16.667  63.707   0.880   0.031   8.418   1.785   0.027  10.696   2.366   4.180   0.000
             123  16.333  16.333  79.932   0.715   0.010   8.112   1.732   0.024   9.597   2.123   6.400   0.000
             124  16.333  16.333  90.450   0.765   0.021   6.708   1.648   0.018   1.855   0.410   3.560   0.000
             125  16.333  16.333  84.905   0.610   0.011   5.950   1.508   0.009   1.008   0.223   6.940   0.000
             126  16.667  16.667  69.578   1.003   0.026   7.335   1.582   0.014   3.279   0.725   6.840   0.000
             127  16.000  16.000  48.869   0.793   0.013   4.073   1.520   0.010   1.406   0.311   1.940   0.000
             128  17.000  17.000  56.207   0.681   0.010   7.270   1.512   0.009   1.545   0.342   4.340   0.000
             129  16.667  16.667  64.604   0.665   0.010   7.620   1.510   0.009   1.312   0.290   5.860   0.000
             130  16.667  16.667  48.869   0.726   0.007   7.942   1.521   0.010   1.474   0.326   6.580   0.000
             131  17.000  17.000  63.463   1.012   0.030   5.250   1.597   0.015   3.837   0.849   4.750   0.000
             132  17.667  17.667  44.140   0.710   0.026   5.980   1.663   0.019   3.482   0.770   6.650   0.000
             133  19.000  19.000  74.469   0.671   0.017   5.820   1.548   0.012   1.651   0.365   2.690   0.000
             134  20.000  20.000  69.741   0.421   0.011   5.190   1.506   0.009   1.621   0.359   2.900   0.000
             135  19.667  19.667  77.242   0.409   0.009   5.247   1.502   0.008   1.401   0.310   7.000   0.000
             136  18.667  18.667  49.684   0.950   0.032   6.490   1.580   0.014   2.264   0.501   5.350   0.000
             137  18.000  18.000  55.065   0.969   0.021   5.933   1.537   0.011   2.419   0.535   5.210   0.000
             138  17.333  17.333  83.356   2.114   0.049   9.173   1.604   0.016   3.747   0.829   4.070   0.000
             139  17.333  17.333  58.489   2.506   0.026  10.027   1.541   0.011   1.310   0.290   5.960   0.000
             140  18.000  18.000  68.762   1.682   0.021   8.955   1.523   0.010   0.827   0.183   3.020   0.000
             141  19.000  19.000  65.093   2.225   0.016   8.357   1.516   0.009   1.532   0.339   4.350   0.000
             142  18.667  18.667  79.035   1.626   0.027   7.645   1.549   0.012   1.416   0.313   2.810   0.000
             143  19.000  19.000  49.113   1.307   0.041   7.028   1.530   0.011   1.630   0.361   2.010   0.000
             144  19.333  19.333  89.879   0.928   0.019   8.006   1.540   0.011  12.318   2.724   2.890   0.000
             145  19.667  19.667  88.330   1.117   0.039   7.358   1.729   0.023  10.822   2.394   3.910   0.000
             146  20.333  20.333  77.405   0.944   0.009   7.370   1.500   0.008   1.345   0.297   7.130   0.000
             147  20.333  20.333  90.286   0.620   0.054   7.380   1.556   0.012   3.138   0.694   6.780   0.000
             148  20.000  20.000  95.423   1.340   0.036   6.070   1.556   0.012   4.089   0.904   5.130   0.000
             149  19.667  19.667  95.586   3.294   0.033   7.783   1.564   0.013   4.270   0.945   5.600   0.000
             150  19.333  19.333  78.138   2.556   0.041   9.116   1.537   0.011   3.392   0.750   3.880   0.000
             151  18.333  18.333  95.668   2.401   0.027   9.535   1.535   0.011   4.269   0.944   3.450   0.000
             152  18.667  18.667  57.348   1.544   0.009   8.188   1.511   0.009   2.127   0.538   7.860   0.000
             153  18.667  18.667  86.128   1.261   0.021   7.446   1.639   0.018  10.923   2.764   4.520   0.000
             154  19.000  19.000  76.182   1.180   0.023   7.510   1.620   0.017   4.326   1.095   5.750   0.000
             155  20.000  20.000  86.536   0.753   0.022   8.308   1.548   0.012   3.055   0.773   3.960   0.000
             156  19.667  19.667  65.583   1.168   0.019   7.668   1.527   0.010   2.617   0.662   3.590   0.000
             157  21.000  21.000  91.346   1.002   0.016   7.784   1.519   0.010   2.698   0.683   4.330   0.000
             158  20.667  20.667  50.825   1.042   0.022   6.993   1.528   0.010   2.778   0.703   5.110   0.000
             159  22.000  22.000  78.138   0.890   0.036   7.453   1.592   0.015   8.050   2.037   4.510   0.000
             160  23.000  23.000  87.596   1.446   0.019   6.020   1.531   0.011   3.311   0.838   4.330   0.000
             161  23.000  23.000  53.353   1.123   0.020   6.023   1.517   0.009   2.940   0.744   0.730   0.000
             162  23.667  23.667  64.278   0.582   0.038   8.095   1.480   0.006   2.949   0.746   1.540   0.000
             163  23.667  23.667  57.348   1.703   0.029   8.545   1.517   0.009   2.836   0.718   2.740   0.000
             164  23.000  23.000  50.825   2.378   0.026   8.495   1.499   0.008   5.559   1.407   2.450   0.000
             165  24.000  24.000  62.811   1.465   0.048   9.043   1.493   0.007   5.879   1.488   4.640   0.000
             166  24.000  24.000  91.917   1.106   0.066   8.233   1.480   0.006   5.740   1.453   2.870   0.000
             167  23.000  23.000  83.193   0.934   0.064   7.993   1.480   0.006   4.392   1.112   5.890   0.000
             168  23.000  23.000  86.862   1.318   0.044   8.393   1.479   0.006   6.303   1.595   3.110   0.000
             169  23.667  23.667  63.055   2.396   0.023  10.740   1.604   0.016   1.801   0.456   3.030   0.000
             170  24.333  24.333  66.398   2.544   0.022  11.053   1.511   0.009   2.349   0.594   3.230   0.000
             171  23.333  23.333  58.897   0.338   0.006   9.250   1.478   0.005   3.029   0.767   4.390   0.000
             172  23.333  23.333  67.458   0.610   0.020  10.153   1.477   0.005   5.025   1.272   4.890   0.000
             173  23.667  23.667  77.486   0.522   0.059   9.240   1.477   0.005  15.659   3.963   2.910   0.000
             174  24.000  24.000  75.529   1.359   0.033   9.607   1.477   0.004   5.835   1.477   1.660   0.000
             175  24.667  24.667  72.676   1.040   0.030  10.240   1.477   0.004   4.368   1.105   3.650   0.000
             176  25.333  25.333  94.363   1.374   0.048   8.583   1.478   0.004  15.064   3.812   5.940   0.000
             177  24.667  24.667  96.564   1.123   0.035   9.297   1.496   0.003   4.479   1.133   2.850   0.000
             178  24.333  24.333  90.286   0.903   0.027   8.877   1.496   0.003   4.065   1.029   1.930   0.000
             179  25.000  25.000  83.764   0.651   0.027   9.905   1.477   0.005   4.271   1.081   2.650   0.000
             180  24.000  24.000  97.787   0.677   0.033   9.163   1.478   0.005   4.620   1.169   3.320   0.000
             181  24.333  24.333  90.939   0.831   0.049  10.003   1.477   0.005   4.059   1.027   3.860   0.000
             182  24.333  24.333  96.727   0.691   0.041  10.370   1.477   0.005   3.016   0.833   2.500   0.000
             183  24.000  24.000  95.912   0.956   0.040  10.422   1.705   0.022   7.343   2.027   3.260   0.000
             184  23.667  23.667  79.687   1.006   0.011  10.975   1.485   0.006   2.416   0.667   4.690   0.000
             185  24.333  24.333  50.662   1.131   0.031  11.362   1.499   0.008   3.318   0.916   4.350   0.000
             186  25.000  25.000  83.356   1.105   0.036  10.326   1.499   0.008  29.182   8.055   2.690   0.000
             187  24.333  24.333  81.563   2.008   0.043  10.906   1.492   0.007   7.385   2.039   3.130   0.000
             188  24.000  24.000  64.930   1.559   0.036  11.274   1.500   0.008   4.372   1.207   2.340   0.000
             189  23.667  23.667  61.343   1.618   0.038  11.580   1.482   0.006   2.695   0.744   4.660   0.000
             190  24.333  24.333  85.476   1.293   0.031  11.602   1.479   0.006   2.969   0.819   4.670   0.000
             191  24.667  24.667  89.634   1.073   0.028  11.064   1.510   0.009   4.176   1.153   2.710   0.000
             192  24.667  24.667  84.742   1.261   0.050  10.438   1.575   0.014   4.716   1.302   1.670   0.000
             193  25.667  25.667  56.859   1.313   0.035  11.154   1.490   0.007   3.144   0.868   0.680   0.000
             194  26.000  26.000  84.172   1.300   0.030  11.032   1.479   0.006   3.484   0.962   1.440   0.000
             195  26.000  26.000  80.666   0.770   0.027  11.356   1.478   0.005   2.743   0.757   3.660   0.000
             196  26.000  26.000  94.200   0.587   0.024  11.510   1.477   0.005   2.738   0.756   3.220   0.000
             197  25.667  25.667  82.949   0.401   0.017  11.614   1.477   0.005   2.988   0.825   2.280   0.000
             198  25.667  25.667  84.661   0.306   0.019  11.518   1.477   0.005   2.796   0.772   3.630   0.000
             199  25.667  25.667  81.726   0.308   0.023  10.776   1.479   0.006   5.157   1.424   2.960   0.000
             200  26.000  26.000  62.811   0.288   0.018  10.904   1.477   0.005   2.722   0.751   3.650   0.000
             201  26.000  26.000  69.170   0.230   0.020  11.208   1.477   0.005   2.437   0.673   1.800   0.000
             202  26.667  26.667  62.811   0.587   0.032  10.670   1.477   0.004   3.707   1.023   1.720   0.000
             203  26.667  26.667  72.757   0.705   0.046  10.752   1.479   0.004   5.065   1.398   3.020   0.000
             204  26.000  26.000  64.278   0.467   0.029  11.838   1.477   0.005   3.461   0.955   3.670   0.000
             205  27.000  27.000  69.007   0.504   0.029  12.460   1.478   0.004   2.650   0.731   3.700   0.000
             206  27.667  27.667  86.618   0.444   0.025  13.695   1.482   0.004   2.720   0.751   1.150   0.000
             207  27.000  27.000  65.093   0.243   0.018  12.402   1.477   0.005   2.539   0.701   3.290   0.000
             208  26.667  26.667  87.025   0.193   0.016  11.938   1.485   0.006   3.709   1.024   2.460   0.000
             209  25.667  25.667  82.786   0.437   0.023  11.913   1.478   0.004   3.588   0.990   2.850   0.000
             210  26.333  26.333  74.388   0.544   0.036  11.778   1.495   0.008   4.435   1.224   4.410   0.000
             211  27.333  27.333  62.240   0.438   0.028  12.808   1.514   0.009   2.490   0.687   4.020   0.000
             212  26.000  26.000  76.182   0.352   0.021  10.853   1.479   0.006   2.152   0.594   1.510   0.000
             213  26.000  26.000  84.172   0.251   0.015  10.415   1.480   0.006   1.621   0.529   1.910   0.000
             214  26.000  26.000  64.930   0.206   0.018  10.793   1.478   0.005   1.387   0.453   3.280   0.000
             215  26.333  26.333  90.694   0.160   0.018  10.448   1.479   0.006   1.027   0.335   1.760   0.000
             216  26.667  26.667  71.534   0.376   0.044  10.068   1.530   0.011   3.589   1.172   3.790   0.000
             217  26.667  26.667  79.280   0.306   0.030  10.218   1.510   0.009   2.571   0.840   3.940   0.000
             218  27.000  27.000  84.009   0.272   0.037  10.805   1.490   0.007   4.208   1.374   1.810   0.000
             219  27.333  27.333  78.057   0.256   0.031  11.800   1.488   0.007   2.124   0.694   0.890   0.000
             220  27.667  27.667  86.128   0.186   0.023  10.873   1.480   0.006   2.220   0.725   1.390   0.000
             221  27.667  27.667  68.844   0.176   0.008  10.564   1.477   0.005   2.180   0.712   3.520   0.000
             222  27.333  27.333  78.872   0.155   0.014  10.460   1.477   0.005   2.227   0.727   2.730   0.000
             223  27.000  27.000  86.210   0.146   0.020   9.876   1.477   0.005   2.764   0.903   2.550   0.000
             224  26.667  26.667  82.378   0.229   0.022  10.254   1.478   0.005   1.767   0.577   3.670   0.000
             225  26.667  26.667  76.345   0.203   0.021  10.278   1.477   0.005   1.828   0.597   3.670   0.000
             226  26.000  26.000  64.523   0.179   0.019  12.022   1.477   0.005   2.062   0.673   1.460   0.000
             227  26.667  26.667  82.623   0.179   0.023  12.078   1.489   0.007   1.905   0.622   4.920   0.000
             228  26.333  26.333  73.083   0.244   0.032  11.412   1.486   0.007   2.124   0.694   4.520   0.000
             229  26.667  26.667  47.972   0.253   0.025  11.402   1.481   0.006   2.177   0.711   2.820   0.000
             230  27.333  27.333  79.769   0.347   0.042  11.434   1.548   0.012   3.492   1.140   3.730   0.000
             231  26.667  26.667  74.877   0.300   0.036  11.404   1.495   0.008   2.169   0.708   2.880   0.000
             232  27.000  27.000  52.375   0.142   0.014  12.078   1.479   0.006   1.379   0.450   2.250   0.000
             233  27.000  27.000  81.155   0.102   0.013  13.105   1.482   0.006   1.596   0.521   4.120   0.000
             234  26.333  26.333  84.987   0.092   0.010  11.500   1.479   0.006   1.544   0.504   4.560   0.000
             235  25.667  25.667  78.546   0.097   0.013  11.615   1.488   0.003   1.608   0.525   3.070   0.000
             236  26.000  26.000  64.604   0.098   0.014  12.138   1.478   0.004   1.621   0.529   2.970   0.000
             237  25.667  25.667  84.824   0.201   0.018  11.092   1.489   0.007   1.151   0.376   1.670   0.000
             238  24.667  24.667  83.356   0.166   0.017  11.198   1.494   0.007   1.245   0.407   0.930   0.000
             239  24.667  24.667  84.172   0.154   0.012  10.770   1.501   0.008   1.420   0.464   2.030   0.000
             240  25.000  25.000  85.721   0.137   0.011   9.672   1.499   0.008   1.566   0.511   2.790   0.000
             241  25.333  25.333  73.491   0.095   0.014   9.903   1.479   0.006   1.177   0.384   1.940   0.000
             242  26.000  26.000  76.752   0.153   0.022   9.410   1.478   0.005   3.401   1.111   1.490   0.000
             243  26.000  26.000  56.859   0.284   0.043   9.700   1.491   0.007  11.139   3.638   2.780   0.000
             244  25.333  25.333  55.065   0.751   0.076  11.058   1.483   0.006   2.564   0.986   0.950   0.000
             245  25.333  25.333  54.087   0.809   0.078   9.085   1.479   0.006   5.240   2.015   1.530   0.000
             246  25.000  25.000  76.100   0.872   0.066  10.453   1.478   0.005   3.823   1.470   5.840   0.000
             247  25.333  25.333  80.747   1.010   0.060  12.514   1.477   0.005   3.160   1.215   2.440   0.000
             248  25.667  25.667  65.664   0.353   0.064  10.740   1.482   0.006   2.952   1.135   2.110   0.000
             249  25.000  25.000  62.240   0.673   0.063  10.190   1.478   0.005   4.023   1.547   3.640   0.000
             250  25.667  25.667  78.383   1.128   0.064  10.167   1.532   0.011   5.155   1.983   2.060   0.000
             251  25.333  25.333  71.697   1.045   0.079  11.193   1.488   0.007   1.931   0.742   2.030   0.000
             252  24.000  24.000  48.298   0.779   0.067  11.557   1.480   0.006   1.806   0.694   2.900   0.000
             253  24.333  24.333  47.157   0.606   0.046  12.560   1.479   0.006   1.714   0.659   3.070   0.000
             254  24.667  24.667  73.980   0.380   0.039  11.568   1.477   0.005   1.397   0.537   2.520   0.000
             255  23.000  23.000  75.529   0.280   0.028  10.888   1.479   0.006   1.394   0.536   2.830   0.000
             256  22.667  22.667  56.777   0.212   0.027  10.855   1.484   0.006   1.063   0.409   0.570   0.000
             257  22.667  22.667  67.050   0.182   0.031  10.550   1.477   0.005   1.198   0.461   0.710   0.000
             258  21.333  21.333  56.533   0.109   0.022  10.335   1.477   0.005   1.392   0.535   0.990   0.000
             259  21.667  21.667  45.363   0.107   0.026  10.148   1.479   0.006   1.049   0.403   2.040   0.000
             260  22.000  22.000  70.556   0.484   0.046   9.813   1.488   0.007   3.879   1.492   4.680   0.000
             261  20.667  20.667  60.691   0.586   0.041  11.313   1.483   0.006   2.532   0.974   1.830   0.000
             262  21.667  21.667  39.085   0.429   0.062  10.733   1.493   0.007   1.764   0.678   4.370   0.000
             263  21.667  21.667  67.865   0.317   0.048  11.073   1.501   0.008   1.590   0.611   3.640   0.000
             264  23.000  23.000  47.320   0.381   0.036  10.150   1.539   0.011   4.214   1.621   2.960   0.000
             265  22.000  22.000  50.173   0.568   0.026  10.212   1.517   0.010   2.291   0.881   1.110   0.000
             266  22.000  22.000  45.689   0.425   0.043  10.698   1.527   0.010   1.471   0.566   2.090   0.000
             267  22.000  22.000  72.431   0.488   0.100   9.912   1.511   0.009   1.475   0.567   2.400   0.000
             268  21.000  21.000  44.385   0.390   0.071  10.230   1.504   0.008   1.099   0.423   4.280   0.000
             269  20.667  20.667  73.491   0.329   0.034   9.988   1.510   0.009   1.227   0.472   2.830   0.000
             270  21.333  21.333  59.223   0.187   0.025  10.292   1.506   0.009   0.911   0.350   2.770   0.000
             271  19.667  19.667  69.904   0.137   0.023  10.146   1.497   0.008   1.014   0.390   3.010   0.000
             272  19.000  19.000  67.132   0.106   0.021  10.125   1.496   0.008   0.773   0.297   5.940   0.000
             273  18.000  18.000  66.316   0.082   0.022   9.878   1.495   0.008   0.618   0.238   5.470   0.000
             274  18.000  18.000  71.127   0.075   0.021   8.980   1.483   0.006   0.630   0.197   3.850   0.000
             275  17.667  17.667  64.197   0.061   0.021   8.860   1.477   0.005   1.037   0.325   3.010   0.000
             276  17.333  17.333  69.088   0.023   0.019   9.303   1.494   0.007   0.786   0.246   4.310   0.000
             277  18.000  18.000  65.583   0.193   0.020  10.083   1.514   0.009   2.278   0.714   3.830   0.000
             278  18.000  18.000  70.067   0.578   0.036   9.680   1.857   0.031  12.085   3.787   2.510   0.000
             279  17.667  17.667  66.235   0.895   0.079   8.617   1.676   0.020   6.699   2.099   3.570   0.000
             280  16.667  16.667  67.539   0.746   0.084   9.953   1.586   0.014   1.725   0.541   2.240   0.000
             281  16.333  16.333  67.376   0.585   0.053  10.250   1.532   0.011   0.902   0.283   1.760   0.000
             282  16.333  16.333  65.338   0.435   0.044  10.607   1.513   0.009   1.290   0.404   4.520   0.000
             283  17.333  17.333  55.717   0.362   0.036  10.827   1.503   0.008   0.860   0.269   2.650   0.000
             284  18.333  18.333  45.771   0.318   0.032  10.800   1.497   0.008   0.899   0.282   1.480   0.000
             285  18.333  18.333  60.609   0.277   0.027  11.067   1.493   0.007   0.786   0.246   3.350   0.000
             286  17.333  17.333  58.489   0.549   0.033   9.740   1.635   0.018   7.368   2.309   7.000   0.000
             287  17.667  17.667  61.914   0.620   0.039  10.860   1.604   0.016   1.737   0.544   4.530   0.000
             288  18.667  18.667  61.261   0.488   0.036  10.677   1.528   0.010   1.007   0.315   2.260   0.000
             289  18.333  18.333  59.712   0.365   0.031  10.867   1.517   0.009   1.374   0.431   4.170   0.000
             290  17.333  17.333  58.816   0.302   0.021  10.847   1.517   0.009   0.845   0.265   3.840   0.000
             291  17.333  17.333  50.092   0.266   0.020  11.387   1.500   0.008   0.935   0.293   1.980   0.000
             292  17.667  17.667  53.434   0.231   0.020  12.197   1.498   0.008   0.738   0.231   1.160   0.000
             293  17.667  17.667  54.902   0.239   0.025  11.997   1.497   0.008   0.659   0.206   4.140   0.000
             294  17.333  17.333  60.120   0.245   0.024  11.320   1.496   0.008   2.198   0.689   3.040   0.000
             295  17.333  17.333  54.168   0.422   0.025  11.397   1.530   0.011   1.892   0.593   3.070   0.000
             296  16.667  16.667  46.830   0.588   0.057  11.453   1.678   0.020   1.943   0.609   2.060   0.000
             297  17.000  17.000  45.200   0.551   0.041  12.123   1.581   0.014   1.205   0.377   2.840   0.000
             298  17.000  17.000  42.183   0.439   0.034  12.697   1.534   0.011   0.807   0.253   4.620   0.000
             299  16.333  16.333  41.042   0.429   0.040  12.125   1.510   0.009   0.868   0.272   5.440   0.000
             300  16.667  16.667  50.907   0.377   0.029  12.288   1.504   0.008   0.836   0.262   5.370   0.000
             301  16.667  16.667  57.103   0.409   0.022  12.733   1.503   0.008   0.578   0.181   3.690   0.000
             302  16.333  16.333  51.967   0.670   0.023  12.785   1.504   0.008   0.404   0.127   2.860   0.000
             303  15.667  15.667  46.749   0.641   0.017  13.060   1.498   0.008   0.587   0.184   3.490   0.000
             304  14.667  14.667  42.591   0.572   0.017  12.813   1.496   0.008   0.541   0.170   5.830   0.000
             305  14.667  14.667  48.869   0.455   0.037  11.315   1.570   0.013   4.664   0.985   4.060   0.000
             306  15.333  15.333  58.489   0.512   0.047  11.090   1.556   0.012   1.622   0.342   4.820   0.000
             307  14.667  14.667  54.739   0.441   0.048  10.725   1.693   0.021   2.889   0.610   4.320   0.000
             308  14.000  14.000  53.027   0.549   0.053   9.488   1.585   0.014   2.765   0.584   3.560   0.000
             309  13.667  13.667  56.940   0.963   0.042   9.092   1.544   0.011   1.371   0.290   2.400   0.000
             310  13.000  13.000  51.967   0.958   0.035   9.168   1.519   0.010   0.854   0.180   3.840   0.000
             311  12.667  12.667  46.504   0.930   0.026   9.628   1.511   0.009   0.424   0.090   4.670   0.000
             312  12.000  12.000  54.168   0.835   0.018   9.820   1.505   0.008   0.405   0.086   6.090   0.000
             313  11.333  11.333  47.564   0.698   0.016   9.770   1.502   0.008   0.871   0.184   3.710   0.000
             314  12.000  12.000  47.320   0.909   0.103  10.000   1.555   0.012   1.035   0.219   1.930   0.000
             315  12.000  12.000  47.401   1.321   0.082   9.244   1.799   0.028  14.100   2.977   2.670   0.000
             316  12.000  12.000  35.473   1.341   0.066   9.545   1.628   0.017   2.177   0.460   3.630   0.000
             317  10.667  10.667  36.060   1.417   0.045   9.268   1.572   0.013   1.371   0.290   2.570   0.000
             318  10.000  10.000  41.042   1.307   0.052   9.755   1.546   0.012   0.869   0.184   5.720   0.000
             319  10.000  10.000  49.603   1.163   0.039   9.883   1.526   0.010   0.599   0.126   2.770   0.000
             320  10.000  10.000  36.443   1.043   0.034   9.250   1.616   0.016   1.035   0.219   4.370   0.000
             321   9.667   9.667  36.916   0.990   0.028   9.353   1.583   0.014   0.488   0.103   5.190   0.000
             322   9.667   9.667  38.759   0.904   0.023   9.445   1.531   0.011   0.419   0.089   3.890   0.000
             323  10.000  10.000  37.055   0.775   0.017   8.870   1.526   0.010   1.209   0.255   3.800   0.000
             324  10.667  10.667  38.270   1.138   0.058   9.088   1.642   0.018   2.743   0.579   2.760   0.000
             325  10.667  10.667  35.604   1.030   0.037   9.022   1.566   0.013   1.349   0.285   2.800   0.000
             326  10.333  10.333  35.204   1.138   0.035   9.226   1.546   0.012   0.994   0.210   4.300   0.000
             327   9.000   9.000  49.766   1.093   0.038  10.724   1.553   0.012   1.106   0.234   5.230   0.000
             328   9.333   9.333  34.405   1.323   0.086  10.058   1.738   0.024   5.129   1.083   3.560   0.000
             329   9.000   9.000  48.950   1.366   0.049  10.596   1.598   0.015   1.683   0.355   5.690   0.000
             330   8.667   8.667  36.729   1.194   0.068   9.790   1.745   0.024   3.408   0.720   6.720   0.000
             331   9.000   9.000  46.178   1.164   0.051   9.460   1.612   0.016   2.637   0.557   4.000   0.000
             332   9.333   9.333  40.797   1.404   0.064   8.628   1.787   0.027   4.697   0.992   4.970   0.000
             333   9.333   9.333  37.030   1.598   0.065   9.138   1.719   0.023   2.583   0.545   3.110   0.000
             334   9.000   9.000  35.612   1.316   0.032   9.423   1.568   0.013   1.559   0.329   3.630   0.000
             335   8.667   8.667  46.097   1.524   0.039   9.304   1.703   0.022   3.998   0.626   5.040   0.000
             336   8.000   8.000  48.380   1.497   0.034   9.592   1.685   0.021   1.249   0.196   0.840   0.000
             337   7.667   7.667  36.574   1.361   0.020   9.513   1.696   0.021   0.533   0.083   3.160   0.000
             338   7.000   7.000  36.052   1.220   0.034   9.628   1.797   0.028   3.080   0.483   5.240   0.000
             339   6.000   6.000  49.032   1.246   0.027   9.965   1.748   0.025   0.803   0.126   5.710   0.000
             340   6.000   6.000  45.771   1.298   0.028  10.553   1.722   0.023   0.879   0.138   7.440   0.000
             341   6.000   6.000  37.511   1.222   0.025  10.527   1.721   0.023   0.913   0.143   5.440   0.000
             342   6.000   6.000  48.869   1.327   0.037  10.357   1.577   0.014   2.188   0.343   2.960   0.000
             343   5.333   5.333  37.927   1.743   0.031  10.690   1.558   0.012   1.839   0.288   3.040   0.000
             344   5.667   5.667  39.982   1.582   0.030  10.068   1.549   0.012   1.088   0.170   4.240   0.000
             345   6.000   6.000  35.204   1.722   0.040   9.638   1.547   0.012   0.944   0.148   3.480   0.000
             346   7.333   7.333  49.766   1.589   0.032   9.228   1.539   0.011   0.690   0.108   3.480   0.000
             347   7.000   7.000  43.162   1.178   0.026   8.908   1.568   0.013   0.881   0.138   6.100   0.000
             348   7.000   7.000  35.025   1.472   0.020   9.494   1.596   0.015   3.473   0.544   3.230   0.000
             349   7.000   7.000  37.389   1.578   0.028   9.898   1.571   0.013   2.120   0.332   3.260   0.000
             350   7.000   7.000  35.457   1.482   0.037   9.154   1.747   0.025   2.414   0.378   4.470   0.000
             351   6.667   6.667  43.977   1.436   0.023   9.968   1.745   0.024   1.184   0.186   1.320   0.000
             352   6.667   6.667  47.401   1.219   0.017  10.213   1.527   0.010   4.580   0.718   2.750   0.000
             353   6.333   6.333  35.840   1.136   0.015  10.268   1.519   0.010   3.317   0.520   3.540   0.000
             354   6.000   6.000  35.163   1.111   0.009  10.143   1.512   0.009   1.296   0.203   2.170   0.000
             355   5.667   5.667  39.248   1.049   0.009   9.948   1.513   0.009   2.364   0.370   3.500   0.000
             356   5.333   5.333  34.902   1.434   0.082   8.530   1.603   0.016   7.284   1.141   4.400   0.000
             357   5.667   5.667  35.400   1.666   0.144   8.958   1.761   0.025   6.866   1.076   4.390   0.000
             358   5.333   5.333  37.927   1.528   0.081   9.035   1.599   0.015  14.138   2.215   3.860   0.000
             359   4.667   4.667  34.536   1.570   0.048   9.893   1.684   0.021   4.697   0.736   5.100   0.000
             360   4.667   4.667  34.992   1.432   0.059  10.360   1.637   0.018   3.354   0.526   6.110   0.000
             361   4.333   4.333  35.057   1.260   0.052  10.470   1.589   0.015   1.954   0.306   2.940   0.000
             362   3.667   3.667  42.183   1.277   0.008  10.203   1.572   0.013   3.041   0.477   2.480   0.000
             363   4.333   4.333  36.346   1.526   0.022  11.007   1.576   0.014   4.320   0.677   3.090   0.000
             364   5.667   5.667  41.939   1.309   0.033  10.573   1.746   0.024   8.803   1.379   3.820   0.000
             365   6.000   6.000  33.631   1.397   0.028  10.270   1.636   0.018   4.078   0.639   3.510   0.000
