CASM-OC Iowa    oxbow:  2010.000
fktrN  1.0000                                                                                   
fktrP  1.0000                                                                                         
fktrS  1.0000                                                                                         
                   Te      Th      I0         N       P       Si      depth   velocit TIS     POCe    wind    salinity
             DOY   C       C       eins/m2    mg/L    mg/L    mg/L    m       m/s     mg/L    mg/L    m/s     psu
--------------------------------------------------------------------------------------------------------------------
               1   0.200   0.200  39.656      1.412   3.777   5.990   1.200   0.011  20.000   0.334   4.460   0.000
               2   0.100   0.100  40.634      1.408   3.745   8.440   1.200   0.014  16.000   0.134   5.530   0.000
               3   0.150   0.150  45.037      1.404   3.714   9.037   1.200   0.010  13.000   0.392   3.980   0.000
               4   0.300   0.300  46.586      1.400   3.683   8.545   1.200   0.014  15.000   0.850   5.450   0.000
               5   0.300   0.300  49.439      1.396   3.652   8.900   1.200   0.023  17.000   0.203   9.210   0.000
               6   0.300   0.300  34.780      1.392   3.621   8.993   1.200   0.018  16.000   0.107   7.250   0.000
               7   0.600   0.600  39.167      1.389   3.590   9.100   1.200   0.013  19.000   0.058   5.310   0.000
               8   0.500   0.500  39.737      1.385   3.559   9.553   1.200   0.005  17.000   0.508   1.800   0.000
               9   0.300   0.300  48.216      1.381   3.529  10.137   1.200   0.013  28.000   0.159   5.280   0.000
              10   0.000   0.000  41.776      1.378   3.498   8.983   1.200   0.021  29.000   2.563   8.480   0.000
              11   0.100   0.100  48.950      1.374   3.468   9.307   1.200   0.020  19.000   0.638   8.150   0.000
              12   0.200   0.200  40.308      1.370   3.438   9.465   1.200   0.015  29.000   0.233   5.860   0.000
              13   0.300   0.300  47.809      1.366   3.408  10.080   1.200   0.010  15.000   0.081   4.040   0.000
              14   0.100   0.100  41.857      1.363   3.378   9.293   1.200   0.009  13.000   0.095   3.450   0.000
              15   0.150   0.150  34.992      1.359   3.348   9.053   1.200   0.012  10.000   0.122   4.630   0.000
              16   0.100   0.100  46.341      1.356   3.319   9.035   1.200   0.024  12.000   0.091   9.550   0.000
              17   0.000   0.000  34.446      1.352   3.289   9.035   1.200   0.019  11.000   0.112   7.700   0.000
              18   0.000   0.000  34.275      1.348   3.260   8.800   1.200   0.016  19.000   0.100   6.400   0.000
              19   0.050   0.050  34.487      1.345   3.231   9.035   1.200   0.009  18.000   0.078   3.500   0.000
              20   0.000   0.000  35.261      1.341   3.202   9.170   1.200   0.014   9.000   0.078   5.640   0.000
              21   0.000   0.000  34.601      1.338   3.173   9.370   1.200   0.011  12.000   0.076   4.330   0.000
              22   0.050   0.050  35.025      1.334   3.144   6.730   1.200   0.024  17.000   0.052   9.450   0.000
              23   0.050   0.050  34.576      1.331   3.116   6.925   1.200   0.012  20.000   0.613   4.780   0.000
              24   0.000   0.000  41.368      1.327   3.087   6.572   1.200   0.009  18.000   0.203   3.750   0.000
              25   0.000   0.000  36.346      1.324   3.059   7.115   1.200   0.020  23.000   0.104   7.980   0.000
              26   0.000   0.000  50.989      1.320   3.031   7.240   1.200   0.010  16.000   0.371   4.070   0.000
              27   0.000   0.000  38.351      1.317   3.002   7.403   1.200   0.010  16.000   3.358   4.100   0.000
              28   0.000   0.000  39.248      1.313   2.975   8.493   1.200   0.015  17.000   0.252   6.190   0.000
              29   0.100   0.100  45.934      1.310   2.947   8.158   1.200   0.006  20.000   0.100   2.330   0.000
              30   0.100   0.100  49.195      1.306   2.919   8.468   1.200   0.007  58.000   0.264   2.970   0.000
              31   0.200   0.200  45.607      1.303   2.891   8.593   1.200   0.015  24.000   0.093   5.800   0.000
              32   0.250   0.250  37.756      1.300   2.864  11.393   1.200   0.011  85.000   0.049   4.460   0.000
              33   0.150   0.150  51.804      1.296   2.837   9.494   1.200   0.004  73.000   0.479   1.550   0.000
              34   0.100   0.100  51.315      1.293   2.810   8.756   1.200   0.011  68.000   0.843   4.590   0.000
              35   0.050   0.050  38.759      1.290   2.783   9.028   1.200   0.016  51.000   0.274   6.270   0.000
              36   0.000   0.000  36.655      1.286   2.756   9.845   1.200   0.015  35.000   0.254   6.060   0.000
              37   0.000   0.000  46.749      1.283   2.729   8.190   1.200   0.011  26.000   0.143   4.440   0.000
              38   0.100   0.100  38.107      1.280   2.702   8.003   1.200   0.006  21.000   0.106   2.450   0.000
              39   0.000   0.000  36.802      1.277   2.676   8.248   1.200   0.014  19.000   0.062   5.410   0.000
              40   0.000   0.000  41.694      1.273   2.650  10.152   1.200   0.004  19.000   0.085   1.520   0.000
              41   0.000   0.000  55.554      1.270   2.624   9.444   1.200   0.006  21.000   0.059   2.290   0.000
              42   0.000   0.000  44.711      1.267   2.597   7.044   1.200   0.011  18.000   1.180   4.390   0.000
              43   0.000   0.000  38.433      1.264   2.572   6.785   1.200   0.014  19.000   0.366   5.560   0.000
              44   0.000   0.000  39.493      1.260   2.546   7.763   1.200   0.011  20.000   0.273   4.480   0.000
              45   0.000   0.000  44.955      1.257   2.520   7.730   1.200   0.008  21.000   0.650   3.070   0.000
              46   0.000   0.000  38.596      1.254   2.495   7.925   1.200   0.013  18.000   0.274   5.070   0.000
              47   0.000   0.000  58.652      1.251   2.469   7.878   1.200   0.012  22.000   0.958   4.710   0.000
              48   0.000   0.000  56.288      1.248   2.444   9.260   1.200   0.011  38.000   0.404   4.220   0.000
              49   0.100   0.100  55.636      1.245   2.419  10.366   1.200   0.020  43.000   0.184   7.930   0.000
              50   0.200   0.200  56.859      1.242   2.394  10.016   1.200   0.016  48.000   1.344   6.430   0.000
              51   0.150   0.150  39.737      1.239   2.369   7.343   1.200   0.009  46.000   0.100   3.660   0.000
              52   0.200   0.200  40.960      1.236   2.344   7.005   1.200   0.021  43.000   0.091   8.460   0.000
              53   0.200   0.200  44.955      1.233   2.320   5.270   1.200   0.020  40.000   1.302   8.080   0.000
              54   0.450   0.450  52.456      1.229   2.295   7.748   1.200   0.012  37.000   0.935   4.790   0.000
              55   0.200   0.200  65.501      1.226   2.271   8.204   1.200   0.009  34.000   0.408   3.480   0.000
              56   0.200   0.200  62.729      1.223   2.247   8.566   1.200   0.008  31.000   0.205   3.130   0.000
              57   0.200   0.200  42.102      1.220   2.223   9.472   1.200   0.009  29.000   0.293   3.570   0.000
              58   0.600   0.600  64.115      1.218   2.199   9.528   1.200   0.019  33.000   0.212   7.660   0.000
              59   0.800   0.800  54.902      1.215   2.175   9.208   1.200   0.007 102.000   0.227   2.940   0.000
              60   0.550   0.550  49.929      1.212   2.152  11.205   1.200   0.013  31.000   0.240   5.330   0.000
              61   0.600   0.600  55.717      1.209   2.128   6.345   1.200   0.013  27.000   2.509   5.050   0.000
              62   0.550   0.550  66.479      1.206   2.105   6.793   1.200   0.014  23.000   0.210   5.700   0.000
              63   0.550   0.550  53.679      1.203   2.082   5.943   1.200   0.007  55.000   0.617   2.990   0.000
              64   0.500   0.500  69.088      1.200   2.059   7.930   1.200   0.011  36.000   0.962   4.380   0.000
              65   0.800   0.800  45.037      1.197   2.036   7.715   1.200   0.017  40.000   0.456   6.620   0.000
              66   0.900   0.900  38.596      1.194   2.013   8.163   1.200   0.011  46.000   0.491   4.290   0.000
              67   0.800   0.800  62.566      1.192   1.990   5.243   1.200   0.014 184.000   3.040   5.590   0.000
              68   0.750   0.750  38.107      1.189   1.968   8.690   1.200   0.015 249.000   0.779   5.800   0.000
              69   0.700   0.700  39.085      1.186   1.945   8.873   1.200   0.014 205.000   0.628   5.430   0.000
              70   0.600   0.600  40.960      1.183   1.923   9.093   1.200   0.012 193.000   0.535   4.660   0.000
              71   0.950   0.950  40.553      1.180   1.901   8.958   1.200   0.004 202.000   0.454   1.740   0.000
              72   2.000   2.000  38.514      1.178   1.879   9.138   1.200   0.014 206.000   0.322   5.530   0.000
              73   2.800   2.800  65.827      1.175   1.857   8.385   1.200   0.019 213.000   0.177   7.540   0.000
              74   3.800   3.800  43.651      1.172   1.835   8.960   1.200   0.018 207.000   0.200   7.330   0.000
              75   2.300   2.300  40.879      1.170   1.814   7.977   1.200   0.007 168.000   1.184   2.840   0.000
              76   3.800   3.800  55.880      1.167   1.792   6.995   1.200   0.013 153.000   0.722   5.260   0.000
              77   5.000   5.000  61.914      1.164   1.771   7.840   1.200   0.015 163.000   0.378   6.010   0.000
              78   4.700   4.700  43.732      1.162   1.750   8.273   1.200   0.011 140.000   0.242   4.410   0.000
              79   4.700   4.700  61.424      1.159   1.729   7.655   1.200   0.008 113.000   0.322   3.040   0.000
              80   4.900   4.900  74.633      1.156   1.708   7.463   1.200   0.010 107.000   3.325   4.000   0.000
              81   5.600   5.600  52.619      1.154   1.687   7.670   1.200   0.013 105.000   1.171   5.320   0.000
              82   5.400   5.400  60.528      1.151   1.666   7.733   1.200   0.010 103.000   1.140   4.170   0.000
              83   4.600   4.600  44.629      1.149   1.646   6.218   1.200   0.009  87.000   0.425   3.670   0.000
              84   4.800   4.800  68.844      1.146   1.625   5.473   1.200   0.017  85.000   0.481   6.910   0.000
              85   4.700   4.700  52.048      1.143   1.605   5.155   1.200   0.013  72.000   0.314   5.300   0.000
              86   5.350   5.350  61.424      1.141   1.585   6.210   1.200   0.015  39.000   0.359   5.800   0.000
              87   6.000   6.000  62.077      1.138   1.565   9.030   1.200   0.014  39.000   0.316   5.720   0.000
              88   6.550   6.550  74.062      1.136   1.545   8.305   1.200   0.016  39.000   0.840   6.520   0.000
              89   5.950   5.950  53.353      1.133   1.526   8.018   1.200   0.011  38.000   0.518   4.360   0.000
              90   6.050   6.050  56.777      1.131   1.506   7.533   1.200   0.016  38.000   1.471   6.440   0.000
              91   5.650   5.650  48.787      1.129   1.487   6.783   1.200   0.006  38.000   0.312   2.340   0.000
              92   6.200   6.200  47.157      1.126   1.467   6.450   1.200   0.005  40.000   0.239   1.820   0.000
              93   6.600   6.600  70.474      1.124   1.448   8.362   1.200   0.008  48.000   0.317   3.380   0.000
              94   6.850   6.850  50.989      1.121   1.429   8.582   1.200   0.006  60.000   1.754   2.370   0.000
              95   7.350   7.350  48.950      1.119   1.410   8.315   1.200   0.016  75.000   0.541   6.560   0.000
              96   8.050   8.050  61.995      1.117   1.392   8.730   1.200   0.023  68.000   0.579   9.070   0.000
              97   8.300   8.300  67.050      1.114   1.373   8.136   1.200   0.023  50.000   0.373   9.350   0.000
              98   8.700   8.700  80.503      1.112   1.355   8.562   1.200   0.015  44.000   0.182   6.020   0.000
              99   9.150   9.150  84.335      1.110   1.336   7.450   1.200   0.012  40.000   1.225   4.870   0.000
             100   6.950   6.950  62.892      1.107   1.318   7.808   1.200   0.003  38.000   0.877   1.190   0.000
             101   7.650   7.650  64.849      1.105   1.300   7.118   1.200   0.007  42.000   0.310   2.780   0.000
             102   8.350   8.350  58.245      1.103   1.282   9.874   1.200   0.010  42.000   0.729   4.110   0.000
             103  10.050  10.050  55.554      1.100   1.264   9.750   1.200   0.017  40.000   0.433   6.900   0.000
             104   8.300   8.300  68.029      1.098   1.247   9.030   1.200   0.005  40.000   3.195   2.110   0.000
             105   8.600   8.600  49.358      1.096   1.229  10.302   1.200   0.006  38.000   1.401   2.560   0.000
             106   9.400   9.400  61.588      1.094   1.212  10.830   1.200   0.011  31.000   0.467   4.540   0.000
             107  10.500  10.500  88.411      1.092   1.194   9.834   1.200   0.014  29.000   0.433   5.600   0.000
             108  11.250  11.250  52.130      1.089   1.177   8.902   1.200   0.010  29.000   0.268   4.160   0.000
             109  11.450  11.450  55.636      1.087   1.160   7.816   1.200   0.003  31.000   0.211   1.190   0.000
             110  10.250  10.250  69.333      1.085   1.143   8.040   1.200   0.005  31.000   0.123   2.040   0.000
             111   9.850   9.850  71.290      1.083   1.127   7.828   1.200   0.006  30.000   0.148   2.430   0.000
             112  10.700  10.700  56.940      1.081   1.110   4.335   1.200   0.011  30.000   3.501   4.430   0.000
             113  11.400  11.400  42.998      1.079   1.094   5.880   1.200   0.011  29.000   0.341   4.300   0.000
             114  11.800  11.800  79.687      1.077   1.077   5.610   1.200   0.008  28.000   0.398   3.210   0.000
             115  11.650  11.650  46.667      1.075   1.061   3.898   1.200   0.010  28.000   0.350   3.850   0.000
             116  11.000  11.000  64.849      1.072   1.045   3.580   1.200   0.004  32.500   0.291   1.430   0.000
             117  11.000  11.000  85.476      1.070   1.029   4.568   1.200   0.008  27.000   1.298   3.280   0.000
             118  10.650  10.650  62.077      1.068   1.014   5.720   1.200   0.010  46.000   0.321   4.180   0.000
             119  10.500  10.500  79.851      1.066   0.998   7.256   1.200   0.006  58.000   0.164   2.360   0.000
             120  10.800  10.800  55.391      1.064   0.982   8.382   1.200   0.015  73.000   0.506   6.160   0.000
             121  10.750  10.750  79.035      1.062   0.967   8.868   1.200   0.023  44.500   0.684   9.260   0.000
             122   9.100   9.100  63.707      1.060   0.952   8.418   1.200   0.010  39.500   2.366   4.180   0.000
             123  10.500  10.500  79.932      1.059   0.937   8.112   1.200   0.016  54.000   2.123   6.400   0.000
             124  11.600  11.600  90.450      1.057   0.922   6.708   1.200   0.009  91.500   0.410   3.560   0.000
             125  12.650  12.650  84.905      1.055   0.907   5.950   1.200   0.017  68.500   0.223   6.940   0.000
             126  13.900  13.900  69.578      1.053   0.892   7.335   1.200   0.017  50.500   0.725   6.840   0.000
             127  14.700  14.700  48.869      1.051   0.878   4.073   1.200   0.005  86.500   0.311   1.940   0.000
             128  14.800  14.800  56.207      1.049   0.863   7.270   1.200   0.011  42.500   0.342   4.340   0.000
             129  14.550  14.550  64.604      1.047   0.849   7.620   1.200   0.015  74.000   0.290   5.860   0.000
             130  14.200  14.200  48.869      1.045   0.835   7.942   1.200   0.016  69.000   0.326   6.580   0.000
             131  13.050  13.050  63.463      1.044   0.821   5.250   1.200   0.012  91.500   0.849   4.750   0.000
             132  12.150  12.150  44.140      1.042   0.807   5.980   1.200   0.017 161.500   0.770   6.650   0.000
             133  12.500  12.500  74.469      1.040   0.793   5.820   1.200   0.007 109.500   0.365   2.690   0.000
             134  13.600  13.600  69.741      1.038   0.780   5.190   1.200   0.007  81.350   0.359   2.900   0.000
             135  13.250  13.250  77.242      1.036   0.766   5.247   1.200   0.018  76.600   0.310   7.000   0.000
             136  15.050  15.050  49.684      1.035   0.753   6.490   1.200   0.013  84.350   0.501   5.350   0.000
             137  16.150  16.150  55.065      1.033   0.740   5.933   1.200   0.013  92.000   0.535   5.210   0.000
             138  15.000  15.000  83.356      1.031   0.727   9.173   1.200   0.010  71.600   0.829   4.070   0.000
             139  15.700  15.700  58.489      1.030   0.714  10.027   1.200   0.015  57.750   0.290   5.960   0.000
             140  15.600  15.600  68.762      1.028   0.701   8.955   1.200   0.008  54.850   0.183   3.020   0.000
             141  15.000  15.000  65.093      1.026   0.688   8.357   1.200   0.011  54.350   0.339   4.350   0.000
             142  14.600  14.600  79.035      1.025   0.676   7.645   1.200   0.007  44.700   0.313   2.810   0.000
             143  16.200  16.200  49.113      1.023   0.664   7.028   1.200   0.005  49.500   0.361   2.010   0.000
             144  16.200  16.200  89.879      1.021   0.651   8.006   1.200   0.007  86.500   2.724   2.890   0.000
             145  16.950  16.950  88.330      1.020   0.639   7.358   1.200   0.010  91.500   2.394   3.910   0.000
             146  17.800  17.800  77.405      1.018   0.627   7.370   1.200   0.018  66.050   0.297   7.130   0.000
             147  17.150  17.150  90.286      1.017   0.615   7.380   1.200   0.017  74.500   0.694   6.780   0.000
             148  17.100  17.100  95.423      1.015   0.604   6.070   1.200   0.013  67.500   0.904   5.130   0.000
             149  17.400  17.400  95.586      1.014   0.592   7.783   1.200   0.014 102.500   0.945   5.600   0.000
             150  18.100  18.100  78.138      1.012   0.581   9.116   1.200   0.010  91.500   0.750   3.880   0.000
             151  17.200  17.200  95.668      1.011   0.569   9.535   1.200   0.009  87.000   0.944   3.450   0.000
             152  16.550  16.550  57.348      1.009   0.558   8.188   1.200   0.020  51.000   0.538   7.860   0.000
             153  18.600  18.600  86.128      1.008   0.547   7.446   1.200   0.011  49.000   2.764   4.520   0.000
             154  20.100  20.100  76.182      1.006   0.536   7.510   1.200   0.014  69.500   1.095   5.750   0.000
             155  19.350  19.350  86.536      1.005   0.526   8.308   1.200   0.010 126.000   0.773   3.960   0.000
             156  20.500  20.500  65.583      1.003   0.515   7.668   1.200   0.009 124.000   0.662   3.590   0.000
             157  20.600  20.600  91.346      1.002   0.504   7.784   1.200   0.011 196.000   0.683   4.330   0.000
             158  20.250  20.250  50.825      1.000   0.494   6.993   1.200   0.013 175.000   0.703   5.110   0.000
             159  20.600  20.600  78.138      0.999   0.484   7.453   1.200   0.011 157.500   2.037   4.510   0.000
             160  21.000  21.000  87.596      0.998   0.474   6.020   1.200   0.011 143.000   0.838   4.330   0.000
             161  21.800  21.800  53.353      0.996   0.464   6.023   1.200   0.002 128.500   0.744   0.730   0.000
             162  21.550  21.550  64.278      0.995   0.454   8.095   1.200   0.004 112.500   0.746   1.540   0.000
             163  21.850  21.850  57.348      0.994   0.444   8.545   1.200   0.007  91.000   0.718   2.740   0.000
             164  21.200  21.200  50.825      0.992   0.435   8.495   1.200   0.006 113.500   1.407   2.450   0.000
             165  19.950  19.950  62.811      0.991   0.425   9.043   1.200   0.012 122.500   1.488   4.640   0.000
             166  20.600  20.600  91.917      0.990   0.416   8.233   1.200   0.007 103.500   1.453   2.870   0.000
             167  20.950  20.950  83.193      0.989   0.407   7.993   1.200   0.015  85.000   1.112   5.890   0.000
             168  20.700  20.700  86.862      0.987   0.398   8.393   1.200   0.008  68.000   1.595   3.110   0.000
             169  20.650  20.650  63.055      0.986   0.389  10.740   1.200   0.008  75.000   0.456   3.030   0.000
             170  20.800  20.800  66.398      0.985   0.381  11.053   1.200   0.008  68.000   0.594   3.230   0.000
             171  21.200  21.200  58.897      0.984   0.372   9.250   1.200   0.011  68.000   0.767   4.390   0.000
             172  21.400  21.400  67.458      0.983   0.363  10.153   1.200   0.012  57.500   1.272   4.890   0.000
             173  22.000  22.000  77.486      0.981   0.355   9.240   1.200   0.007  63.500   3.963   2.910   0.000
             174  21.350  21.350  75.529      0.980   0.347   9.607   1.200   0.004  68.000   1.477   1.660   0.000
             175  20.200  20.200  72.676      0.979   0.339  10.240   1.200   0.009 156.000   1.105   3.650   0.000
             176  20.100  20.100  94.363      0.978   0.331   8.583   1.200   0.015  97.000   3.812   5.940   0.000
             177  20.800  20.800  96.564      0.977   0.323   9.297   1.200   0.007 126.000   1.133   2.850   0.000
             178  20.800  20.800  90.286      0.976   0.316   8.877   1.200   0.005  88.500   1.029   1.930   0.000
             179  20.550  20.550  83.764      0.975   0.308   9.905   1.200   0.007  71.000   1.081   2.650   0.000
             180  21.200  21.200  97.787      0.974   0.301   9.163   1.200   0.008  63.300   1.169   3.320   0.000
             181  21.550  21.550  90.939      0.973   0.294  10.003   1.200   0.010  54.500   1.027   3.860   0.000
             182  20.650  20.650  96.727      0.972   0.286  10.370   1.200   0.006  45.900   0.833   2.500   0.000
             183  21.000  21.000  95.912      0.971   0.279  10.422   1.200   0.008  53.500   2.027   3.260   0.000
             184  21.400  21.400  79.687      0.970   0.273  10.975   1.200   0.012  66.000   0.667   4.690   0.000
             185  22.450  22.450  50.662      0.969   0.266  11.362   1.200   0.011  68.000   0.916   4.350   0.000
             186  22.750  22.750  83.356      0.968   0.259  10.326   1.200   0.007  53.500   8.055   2.690   0.000
             187  23.400  23.400  81.563      0.967   0.253  10.906   1.200   0.008  57.000   2.039   3.130   0.000
             188  24.750  24.750  64.930      0.966   0.247  11.274   1.200   0.006  50.000   1.207   2.340   0.000
             189  24.700  24.700  61.343      0.965   0.241  11.580   1.200   0.012  59.700   0.744   4.660   0.000
             190  24.050  24.050  85.476      0.964   0.235  11.602   1.200   0.012  79.000   0.819   4.670   0.000
             191  24.500  24.500  89.634      0.963   0.229  11.064   1.200   0.007  68.550   1.153   2.710   0.000
             192  24.350  24.350  84.742      0.962   0.223  10.438   1.200   0.004  51.600   1.302   1.670   0.000
             193  25.300  25.300  56.859      0.962   0.217  11.154   1.200   0.002  58.750   0.868   0.680   0.000
             194  25.500  25.500  84.172      0.961   0.212  11.032   1.200   0.004  54.000   0.962   1.440   0.000
             195  24.950  24.950  80.666      0.960   0.206  11.356   1.200   0.009  71.000   0.757   3.660   0.000
             196  24.800  24.800  94.200      0.959   0.201  11.510   1.200   0.008  91.000   0.756   3.220   0.000
             197  24.250  24.250  82.949      0.958   0.196  11.614   1.200   0.006 130.000   0.825   2.280   0.000
             198  24.950  24.950  84.661      0.958   0.191  11.518   1.200   0.009 136.500   0.772   3.630   0.000
             199  26.400  26.400  81.726      0.957   0.186  10.776   1.200   0.007 155.500   1.424   2.960   0.000
             200  25.650  25.650  62.811      0.956   0.182  10.904   1.200   0.009 127.500   0.751   3.650   0.000
             201  25.150  25.150  69.170      0.955   0.177  11.208   1.200   0.005 175.000   0.673   1.800   0.000
             202  24.750  24.750  62.811      0.955   0.173  10.670   1.200   0.004  98.500   1.023   1.720   0.000
             203  25.950  25.950  72.757      0.954   0.169  10.752   1.200   0.008  60.500   1.398   3.020   0.000
             204  25.300  25.300  64.278      0.953   0.165  11.838   1.200   0.009  57.500   0.955   3.670   0.000
             205  25.000  25.000  69.007      0.953   0.161  12.460   1.200   0.009  49.000   0.731   3.700   0.000
             206  25.700  25.700  86.618      0.952   0.157  13.695   1.200   0.003  62.500   0.751   1.150   0.000
             207  25.200  25.200  65.093      0.951   0.153  12.402   1.200   0.008  58.500   0.701   3.290   0.000
             208  24.900  24.900  87.025      0.951   0.149  11.938   1.200   0.006  42.500   1.024   2.460   0.000
             209  23.100  23.100  82.786      0.950   0.146  11.913   1.200   0.007  36.500   0.990   2.850   0.000
             210  22.850  22.850  74.388      0.950   0.143  11.778   1.200   0.011  37.500   1.224   4.410   0.000
             211  23.250  23.250  62.240      0.949   0.140  12.808   1.200   0.010  40.500   0.687   4.020   0.000
             212  23.800  23.800  76.182      0.948   0.136  10.853   1.200   0.004  59.500   0.594   1.510   0.000
             213  23.700  23.700  84.172      0.948   0.134  10.415   1.200   0.005  60.500   0.529   1.910   0.000
             214  24.700  24.700  64.930      0.947   0.131  10.793   1.200   0.008 101.000   0.453   3.280   0.000
             215  24.600  24.600  90.694      0.947   0.128  10.448   1.200   0.004  78.000   0.335   1.760   0.000
             216  24.200  24.200  71.534      0.946   0.126  10.068   1.200   0.009  69.500   1.172   3.790   0.000
             217  23.600  23.600  79.280      0.946   0.123  10.218   1.200   0.010  59.000   0.840   3.940   0.000
             218  23.000  23.000  84.009      0.946   0.121  10.805   1.200   0.005  54.500   1.374   1.810   0.000
             219  24.300  24.300  78.057      0.945   0.119  11.800   1.200   0.002  49.500   0.694   0.890   0.000
             220  23.400  23.400  86.128      0.945   0.117  10.873   1.200   0.003  42.000   0.725   1.390   0.000
             221  23.800  23.800  68.844      0.944   0.115  10.564   1.200   0.009  49.000   0.712   3.520   0.000
             222  23.200  23.200  78.872      0.944   0.114  10.460   1.200   0.007  53.500   0.727   2.730   0.000
             223  23.550  23.550  86.210      0.944   0.112   9.876   1.200   0.006  45.000   0.903   2.550   0.000
             224  23.450  23.450  82.378      0.943   0.111  10.254   1.200   0.009  58.000   0.577   3.670   0.000
             225  23.100  23.100  76.345      0.943   0.109  10.278   1.200   0.009  56.000   0.597   3.670   0.000
             226  23.700  23.700  64.523      0.943   0.108  12.022   1.200   0.004  53.500   0.673   1.460   0.000
             227  23.400  23.400  82.623      0.942   0.107  12.078   1.200   0.012  48.500   0.622   4.920   0.000
             228  23.200  23.200  73.083      0.942   0.106  11.412   1.200   0.011  45.550   0.694   4.520   0.000
             229  23.600  23.600  47.972      0.942   0.106  11.402   1.200   0.007  52.300   0.711   2.820   0.000
             230  23.200  23.200  79.769      0.941   0.105  11.434   1.200   0.009  39.750   1.140   3.730   0.000
             231  23.500  23.500  74.877      0.941   0.105  11.404   1.200   0.007  31.400   0.708   2.880   0.000
             232  22.100  22.100  52.375      0.941   0.104  12.078   1.200   0.006  30.500   0.450   2.250   0.000
             233  21.800  21.800  81.155      0.941   0.104  13.105   1.200   0.010  34.000   0.521   4.120   0.000
             234  22.350  22.350  84.987      0.940   0.104  11.500   1.200   0.011  47.500   0.504   4.560   0.000
             235  22.450  22.450  78.546      0.940   0.104  11.615   1.200   0.008  43.000   0.525   3.070   0.000
             236  23.150  23.150  64.604      0.940   0.104  12.138   1.200   0.007  49.500   0.529   2.970   0.000
             237  22.250  22.250  84.824      0.940   0.105  11.092   1.200   0.004  51.000   0.376   1.670   0.000
             238  21.800  21.800  83.356      0.940   0.105  11.198   1.200   0.002  44.500   0.407   0.930   0.000
             239  22.200  22.200  84.172      0.940   0.106  10.770   1.200   0.005  38.000   0.464   2.030   0.000
             240  21.650  21.650  85.721      0.940   0.107   9.672   1.200   0.007  27.000   0.511   2.790   0.000
             241  22.250  22.250  73.491      0.940   0.107   9.903   1.200   0.005  24.500   0.384   1.940   0.000
             242  22.450  22.450  76.752      0.939   0.108   9.410   1.200   0.004  31.500   1.111   1.490   0.000
             243  22.400  22.400  56.859      0.939   0.110   9.700   1.200   0.007  36.000   3.638   2.780   0.000
             244  21.600  21.600  55.065      0.939   0.111  11.058   1.200   0.002  35.750   0.986   0.950   0.000
             245  21.300  21.300  54.087      0.939   0.112   9.085   1.200   0.004  37.000   2.015   1.530   0.000
             246  21.800  21.800  76.100      0.939   0.114  10.453   1.200   0.015  36.550   1.470   5.840   0.000
             247  21.700  21.700  80.747      0.939   0.116  12.514   1.200   0.006  33.700   1.215   2.440   0.000
             248  22.400  22.400  65.664      0.939   0.117  10.740   1.200   0.005  36.000   1.135   2.110   0.000
             249  22.500  22.500  62.240      0.939   0.119  10.190   1.200   0.009  51.000   1.547   3.640   0.000
             250  20.550  20.550  78.383      0.939   0.122  10.167   1.200   0.005  38.000   1.983   2.060   0.000
             251  19.400  19.400  71.697      0.939   0.124  11.193   1.200   0.005  55.500   0.742   2.030   0.000
             252  20.050  20.050  48.298      0.940   0.126  11.557   1.200   0.007  80.000   0.694   2.900   0.000
             253  19.550  19.550  47.157      0.940   0.129  12.560   1.200   0.008  61.700   0.659   3.070   0.000
             254  19.050  19.050  73.980      0.940   0.131  11.568   1.200   0.006  50.000   0.537   2.520   0.000
             255  19.350  19.350  75.529      0.940   0.134  10.888   1.200   0.007  42.450   0.536   2.830   0.000
             256  19.000  19.000  56.777      0.940   0.137  10.855   1.200   0.001  42.900   0.409   0.570   0.000
             257  18.450  18.450  67.050      0.940   0.140  10.550   1.200   0.002  46.000   0.461   0.710   0.000
             258  18.950  18.950  56.533      0.940   0.143  10.335   1.200   0.002  37.500   0.535   0.990   0.000
             259  18.850  18.850  45.363      0.941   0.147  10.148   1.200   0.005  51.000   0.403   2.040   0.000
             260  17.900  17.900  70.556      0.941   0.150   9.813   1.200   0.012  42.000   1.492   4.680   0.000
             261  18.650  18.650  60.691      0.941   0.154  11.313   1.200   0.005  45.500   0.974   1.830   0.000
             262  18.450  18.450  39.085      0.941   0.157  10.733   1.200   0.011  36.000   0.678   4.370   0.000
             263  19.050  19.050  67.865      0.941   0.161  11.073   1.200   0.009  37.500   0.611   3.640   0.000
             264  18.400  18.400  47.320      0.942   0.165  10.150   1.200   0.007  38.000   1.621   2.960   0.000
             265  18.000  18.000  50.173      0.942   0.169  10.212   1.200   0.003  39.000   0.881   1.110   0.000
             266  18.500  18.500  45.689      0.942   0.174  10.698   1.200   0.005  32.500   0.566   2.090   0.000
             267  17.800  17.800  72.431      0.943   0.178   9.912   1.200   0.006  33.500   0.567   2.400   0.000
             268  18.000  18.000  44.385      0.943   0.183  10.230   1.200   0.011  27.000   0.423   4.280   0.000
             269  18.300  18.300  73.491      0.943   0.187   9.988   1.200   0.007  33.000   0.472   2.830   0.000
             270  17.600  17.600  59.223      0.944   0.192  10.292   1.200   0.007  32.500   0.350   2.770   0.000
             271  17.350  17.350  69.904      0.944   0.197  10.146   1.200   0.008  32.000   0.390   3.010   0.000
             272  16.450  16.450  67.132      0.944   0.202  10.125   1.200   0.015  24.500   0.297   5.940   0.000
             273  16.050  16.050  66.316      0.945   0.207   9.878   1.200   0.014  23.000   0.238   5.470   0.000
             274  15.950  15.950  71.127      0.945   0.213   8.980   1.200   0.010  20.750   0.197   3.850   0.000
             275  15.750  15.750  64.197      0.946   0.218   8.860   1.200   0.008  19.000   0.325   3.010   0.000
             276  15.650  15.650  69.088      0.946   0.224   9.303   1.200   0.011  17.000   0.246   4.310   0.000
             277  14.600  14.600  65.583      0.947   0.230  10.083   1.200   0.010  16.500   0.714   3.830   0.000
             278  13.950  13.950  70.067      0.947   0.236   9.680   1.200   0.006   9.500   3.787   2.510   0.000
             279  13.350  13.350  66.235      0.948   0.242   8.617   1.200   0.009   9.100   2.099   3.570   0.000
             280  13.300  13.300  67.539      0.948   0.248   9.953   1.200   0.006  14.050   0.541   2.240   0.000
             281  13.500  13.500  67.376      0.949   0.254  10.250   1.200   0.004  14.500   0.283   1.760   0.000
             282  14.000  14.000  65.338      0.949   0.261  10.607   1.200   0.011  14.000   0.404   4.520   0.000
             283  13.100  13.100  55.717      0.950   0.267  10.827   1.200   0.007  13.500   0.269   2.650   0.000
             284  11.700  11.700  45.771      0.950   0.274  10.800   1.200   0.004  14.350   0.282   1.480   0.000
             285  12.400  12.400  60.609      0.951   0.281  11.067   1.200   0.008  16.500   0.246   3.350   0.000
             286  12.200  12.200  58.489      0.952   0.288   9.740   1.200   0.018  18.000   2.309   7.000   0.000
             287  12.200  12.200  61.914      0.952   0.295  10.860   1.200   0.011  19.500   0.544   4.530   0.000
             288  12.000  12.000  61.261      0.953   0.302  10.677   1.200   0.006  13.500   0.315   2.260   0.000
             289  11.300  11.300  59.712      0.954   0.310  10.867   1.200   0.010  20.500   0.431   4.170   0.000
             290  11.750  11.750  58.816      0.954   0.317  10.847   1.200   0.010  30.500   0.265   3.840   0.000
             291  11.000  11.000  50.092      0.955   0.325  11.387   1.200   0.005  17.900   0.293   1.980   0.000
             292  11.700  11.700  53.434      0.956   0.333  12.197   1.200   0.003  20.000   0.231   1.160   0.000
             293  11.800  11.800  54.902      0.956   0.340  11.997   1.200   0.010  20.000   0.206   4.140   0.000
             294  11.350  11.350  60.120      0.957   0.349  11.320   1.200   0.008  18.050   0.689   3.040   0.000
             295  12.000  12.000  54.168      0.958   0.357  11.397   1.200   0.008  21.000   0.593   3.070   0.000
             296  12.200  12.200  46.830      0.959   0.365  11.453   1.200   0.005  18.500   0.609   2.060   0.000
             297  11.400  11.400  45.200      0.960   0.374  12.123   1.200   0.007  16.500   0.377   2.840   0.000
             298  10.750  10.750  42.183      0.960   0.382  12.697   1.200   0.012  16.000   0.253   4.620   0.000
             299  10.100  10.100  41.042      0.961   0.391  12.125   1.200   0.014  16.500   0.272   5.440   0.000
             300   9.950   9.950  50.907      0.962   0.400  12.288   1.200   0.013  21.000   0.262   5.370   0.000
             301   9.650   9.650  57.103      0.963   0.409  12.733   1.200   0.009  16.000   0.181   3.690   0.000
             302   8.250   8.250  51.967      0.964   0.418  12.785   1.200   0.007  16.500   0.127   2.860   0.000
             303   9.500   9.500  46.749      0.965   0.427  13.060   1.200   0.009  15.100   0.184   3.490   0.000
             304   9.150   9.150  42.591      0.965   0.437  12.813   1.200   0.015  19.600   0.170   5.830   0.000
             305   8.900   8.900  48.869      0.966   0.446  11.315   1.200   0.010  32.500   0.985   4.060   0.000
             306   8.550   8.550  58.489      0.967   0.456  11.090   1.200   0.012  29.500   0.342   4.820   0.000
             307   8.000   8.000  54.739      0.968   0.466  10.725   1.200   0.011  30.000   0.610   4.320   0.000
             308   8.200   8.200  53.027      0.969   0.476   9.488   1.200   0.009  29.000   0.584   3.560   0.000
             309   8.150   8.150  56.940      0.970   0.486   9.092   1.200   0.006  21.000   0.290   2.400   0.000
             310   7.800   7.800  51.967      0.971   0.496   9.168   1.200   0.010  18.500   0.180   3.840   0.000
             311   6.650   6.650  46.504      0.972   0.506   9.628   1.200   0.012  18.500   0.090   4.670   0.000
             312   6.150   6.150  54.168      0.973   0.517   9.820   1.200   0.015  19.500   0.086   6.090   0.000
             313   6.500   6.500  47.564      0.974   0.528   9.770   1.200   0.009  18.500   0.184   3.710   0.000
             314   6.750   6.750  47.320      0.975   0.538  10.000   1.200   0.005  16.000   0.219   1.930   0.000
             315   4.300   4.300  47.401      0.976   0.549   9.244   1.200   0.007  13.000   2.977   2.670   0.000
             316   2.900   2.900  35.473      0.977   0.560   9.545   1.200   0.009  14.000   0.460   3.630   0.000
             317   2.350   2.350  36.060      0.979   0.572   9.268   1.200   0.006  15.500   0.290   2.570   0.000
             318   3.700   3.700  41.042      0.980   0.583   9.755   1.200   0.014  16.500   0.184   5.720   0.000
             319   4.600   4.600  49.603      0.981   0.594   9.883   1.200   0.007  23.000   0.126   2.770   0.000
             320   4.850   4.850  36.443      0.982   0.606   9.250   1.200   0.011  14.500   0.219   4.370   0.000
             321   5.250   5.250  36.916      0.983   0.618   9.353   1.200   0.013  14.000   0.103   5.190   0.000
             322   4.600   4.600  38.759      0.984   0.629   9.445   1.200   0.010  14.000   0.089   3.890   0.000
             323   3.600   3.600  37.055      0.986   0.641   8.870   1.200   0.010  14.500   0.255   3.800   0.000
             324   2.850   2.850  38.270      0.987   0.654   9.088   1.200   0.007  24.500   0.579   2.760   0.000
             325   2.350   2.350  35.604      0.988   0.666   9.022   1.200   0.007  27.500   0.285   2.800   0.000
             326   2.100   2.100  35.204      0.989   0.678   9.226   1.200   0.011  22.000   0.210   4.300   0.000
             327   3.000   3.000  49.766      0.990   0.691  10.724   1.200   0.013  18.000   0.234   5.230   0.000
             328   3.500   3.500  34.405      0.992   0.703  10.058   1.200   0.009  17.500   1.083   3.560   0.000
             329   3.400   3.400  48.950      0.993   0.716  10.596   1.200   0.014  14.500   0.355   5.690   0.000
             330   2.200   2.200  36.729      0.994   0.729   9.790   1.200   0.017  16.500   0.720   6.720   0.000
             331   2.600   2.600  46.178      0.996   0.742   9.460   1.200   0.010  17.500   0.557   4.000   0.000
             332   2.500   2.500  40.797      0.997   0.756   8.628   1.200   0.012  14.500   0.992   4.970   0.000
             333   1.500   1.500  37.030      0.998   0.769   9.138   1.200   0.008  17.000   0.545   3.110   0.000
             334   1.450   1.450  35.612      1.000   0.782   9.423   1.200   0.009  15.500   0.329   3.630   0.000
             335   1.750   1.750  46.097      1.001   0.796   9.304   1.200   0.013  12.500   0.626   5.040   0.000
             336   1.900   1.900  48.380      1.003   0.810   9.592   1.200   0.002  13.500   0.196   0.840   0.000
             337   1.700   1.700  36.574      1.004   0.824   9.513   1.200   0.008  14.000   0.083   3.160   0.000
             338   3.100   3.100  36.052      1.005   0.838   9.628   1.200   0.013  17.000   0.483   5.240   0.000
             339   1.000   1.000  49.032      1.007   0.852   9.965   1.200   0.014  21.000   0.126   5.710   0.000
             340   0.550   0.550  45.771      1.008   0.866  10.553   1.200   0.019  17.500   0.138   7.440   0.000
             341   0.300   0.300  37.511      1.010   0.881  10.527   1.200   0.014  18.500   0.143   5.440   0.000
             342   0.350   0.350  48.869      1.011   0.895  10.357   1.200   0.007  15.000   0.343   2.960   0.000
             343   0.250   0.250  37.927      1.013   0.910  10.690   1.200   0.008  13.000   0.288   3.040   0.000
             344   0.300   0.300  39.982      1.014   0.925  10.068   1.200   0.011  11.000   0.170   4.240   0.000
             345   0.300   0.300  35.204      1.016   0.940   9.638   1.200   0.009  10.000   0.148   3.480   0.000
             346   0.300   0.300  49.766      1.017   0.955   9.228   1.200   0.009  11.500   0.108   3.480   0.000
             347   0.550   0.550  43.162      1.019   0.970   8.908   1.200   0.015  12.000   0.138   6.100   0.000
             348   0.750   0.750  35.025      1.021   0.985   9.494   1.200   0.008  12.000   0.544   3.230   0.000
             349   0.600   0.600  37.389      1.022   1.001   9.898   1.200   0.008  11.000   0.332   3.260   0.000
             350   0.850   0.850  35.457      1.024   1.017   9.154   1.200   0.011  11.500   0.378   4.470   0.000
             351   0.550   0.550  43.977      1.025   1.032   9.968   1.200   0.003  10.500   0.186   1.320   0.000
             352   0.700   0.700  47.401      1.027   1.048  10.213   1.200   0.007  11.500   0.718   2.750   0.000
             353   0.850   0.850  35.840      1.029   1.064  10.268   1.200   0.009  11.500   0.520   3.540   0.000
             354   0.400   0.400  35.163      1.030   1.081  10.143   1.200   0.005  11.500   0.203   2.170   0.000
             355   0.650   0.650  39.248      1.032   1.097   9.948   1.200   0.009  13.000   0.370   3.500   0.000
             356   0.550   0.550  34.902      1.034   1.113   8.530   1.200   0.011  13.000   1.141   4.400   0.000
             357   0.550   0.550  35.400      1.036   1.130   8.958   1.200   0.011  14.000   1.076   4.390   0.000
             358   0.350   0.350  37.927      1.037   1.147   9.035   1.200   0.010  18.000   2.215   3.860   0.000
             359   0.600   0.600  34.536      1.039   1.164   9.893   1.200   0.013  15.000   0.736   5.100   0.000
             360   1.000   1.000  34.992      1.041   1.181  10.360   1.200   0.015  14.000   0.526   6.110   0.000
             361   1.450   1.450  35.057      1.043   1.198  10.470   1.200   0.007  13.000   0.306   2.940   0.000
             362   0.300   0.300  42.183      1.044   1.215  10.203   1.200   0.006  13.000   0.477   2.480   0.000
             363   0.200   0.200  36.346      1.046   1.232  11.007   1.200   0.008  12.000   0.677   3.090   0.000
             364   0.200   0.200  41.939      1.048   1.250  10.573   1.200   0.010  16.500   1.379   3.820   0.000
             365   0.500   0.500  33.631      1.050   1.268  10.270   1.200   0.009  21.000   0.639   3.510   0.000
